1.312401175498962402e+00
8.651701807975769043e-01
7.925148010253906250e-01
5.798937082290649414e-01
4.255881011486053467e-01
5.407403111457824707e-01
3.996836543083190918e-01
4.060109257698059082e-01
3.266274929046630859e-01
2.742260098457336426e-01
6.867635250091552734e-01
5.007674098014831543e-01
2.465009391307830811e-01
5.244092941284179688e-01
3.238986432552337646e-01
4.313809573650360107e-01
1.333641409873962402e-01
2.472498416900634766e-01
3.421822786331176758e-01
1.395908594131469727e-01
2.924075126647949219e-01
2.321866303682327271e-01
1.994380354881286621e-01
5.371084213256835938e-01
1.635625213384628296e-01
3.141175508499145508e-01
8.003028482198715210e-02
9.228648990392684937e-02
2.062298357486724854e-01
1.534675210714340210e-01
4.077042341232299805e-01
1.599770486354827881e-01
1.975214481353759766e-01
1.701202094554901123e-01
3.141122460365295410e-01
3.089845180511474609e-01
3.301015198230743408e-01
4.334895685315132141e-02
6.185604631900787354e-02
1.189192086458206177e-01
7.168981432914733887e-02
1.970164477825164795e-01
1.719833016395568848e-01
1.542107462882995605e-01
2.147936522960662842e-01
2.120727896690368652e-01
4.279051721096038818e-02
2.709832787513732910e-01
3.287138938903808594e-01
7.314049452543258667e-02
3.819319605827331543e-01
1.016309708356857300e-01
1.627136021852493286e-01
1.188544631004333496e-01
2.894393801689147949e-01
7.903394848108291626e-02
1.953887343406677246e-01
1.725392192602157593e-01
1.832493841648101807e-01
1.749065518379211426e-01
1.141942963004112244e-01
1.177173107862472534e-01
3.592884168028831482e-02
2.082239687442779541e-01
2.570714056491851807e-01
1.612894833087921143e-01
6.664903461933135986e-02
3.617123663425445557e-01
9.509689360857009888e-02
1.854481548070907593e-01
3.764977678656578064e-02
1.181100308895111084e-01
1.571817100048065186e-01
1.225919723510742188e-01
3.883188962936401367e-02
1.978196203708648682e-01
6.835646927356719971e-02
3.866992518305778503e-02
7.889169454574584961e-02
6.066266447305679321e-02
2.405717223882675171e-02
4.308136180043220520e-02
3.116822615265846252e-02
2.663203775882720947e-01
6.064921990036964417e-02
5.294121056795120239e-02
8.199770748615264893e-02
1.630845963954925537e-01
9.772087633609771729e-02
4.043079912662506104e-02
2.287890017032623291e-01
8.319260179996490479e-02
1.253619343042373657e-01
4.742729663848876953e-02
3.154278695583343506e-01
1.441580951213836670e-01
8.590158820152282715e-02
7.221466302871704102e-02
2.490042708814144135e-02
2.382665313780307770e-02
