1.117053627967834473e+00
8.987725973129272461e-01
7.325761318206787109e-01
5.324248671531677246e-01
4.616910815238952637e-01
3.212744593620300293e-01
3.959553837776184082e-01
2.271657586097717285e-01
2.575837969779968262e-01
2.971895635128021240e-01
2.936647832393646240e-01
1.826395988464355469e-01
2.632206082344055176e-01
3.195712864398956299e-01
2.555723786354064941e-01
6.495209783315658569e-02
1.173200905323028564e-01
4.489426314830780029e-01
1.477510929107666016e-01
3.148362338542938232e-01
2.380871772766113281e-01
2.541877031326293945e-01
1.152496933937072754e-01
2.380080521106719971e-01
3.999417722225189209e-01
2.209202796220779419e-01
4.470485448837280273e-01
7.377199828624725342e-02
1.349744200706481934e-01
1.887399703264236450e-01
1.691704094409942627e-01
3.348439335823059082e-01
1.218343824148178101e-01
1.712341308593750000e-01
2.096187770366668701e-01
1.206816136837005615e-01
7.773997634649276733e-02
2.306738942861557007e-01
5.897162854671478271e-02
1.855510324239730835e-01
1.927860975265502930e-01
1.621942669153213501e-01
3.369458913803100586e-01
1.556486487388610840e-01
8.157414942979812622e-02
1.140748560428619385e-01
2.935964465141296387e-01
1.024646013975143433e-01
1.822235137224197388e-01
2.041568458080291748e-01
3.071951270103454590e-01
1.746864616870880127e-01
2.714378237724304199e-01
8.977933228015899658e-02
1.611834317445755005e-01
1.988697946071624756e-01
3.450918793678283691e-01
9.468673169612884521e-02
8.955796062946319580e-02
2.027707248926162720e-01
2.180631756782531738e-01
5.057205632328987122e-02
8.175822347402572632e-02
2.369706779718399048e-01
1.255119144916534424e-01
8.685471117496490479e-02
2.360975146293640137e-01
8.716340363025665283e-02
6.277357786893844604e-02
1.534211039543151855e-01
1.488083600997924805e-01
3.463197499513626099e-02
6.907153129577636719e-02
2.826481126248836517e-02
3.010061569511890411e-02
5.166473239660263062e-02
2.325759828090667725e-01
1.289943009614944458e-01
4.868073016405105591e-02
3.026270568370819092e-01
1.170492023229598999e-01
3.984977677464485168e-02
1.250294744968414307e-01
2.319880723953247070e-01
1.097481846809387207e-01
9.463224560022354126e-02
1.065299659967422485e-02
1.034395843744277954e-01
2.908896505832672119e-01
7.490734010934829712e-02
9.021252393722534180e-02
3.858785629272460938e-01
6.027428060770034790e-02
9.824938327074050903e-02
6.711617857217788696e-02
1.601965278387069702e-01
4.723472148180007935e-02
7.553535699844360352e-02
5.816047638654708862e-02
3.455170243978500366e-02
