3.866666666666666585e-01
5.591666666666667007e-01
7.308333333333333348e-01
8.216666666666666563e-01
8.291666666666667185e-01
8.458333333333333259e-01
8.583333333333332815e-01
8.541666666666666297e-01
8.549999999999999822e-01
8.641666666666666385e-01
8.641666666666666385e-01
8.608333333333333393e-01
8.683333333333332904e-01
8.741666666666666474e-01
8.491666666666666252e-01
8.750000000000000000e-01
8.716666666666667007e-01
8.691666666666666430e-01
8.699999999999999956e-01
8.583333333333332815e-01
8.808333333333333570e-01
8.816666666666667096e-01
8.716666666666667007e-01
8.733333333333332948e-01
8.858333333333333615e-01
8.816666666666667096e-01
8.475000000000000311e-01
8.816666666666667096e-01
8.866666666666667140e-01
8.858333333333333615e-01
8.675000000000000488e-01
8.874999999999999556e-01
8.766666666666667052e-01
8.841666666666666563e-01
8.824999999999999512e-01
8.774999999999999467e-01
8.908333333333333659e-01
8.850000000000000089e-01
8.816666666666667096e-01
8.891666666666666607e-01
8.874999999999999556e-01
8.874999999999999556e-01
8.866666666666667140e-01
8.858333333333333615e-01
8.900000000000000133e-01
8.900000000000000133e-01
8.891666666666666607e-01
8.866666666666667140e-01
8.858333333333333615e-01
8.816666666666667096e-01
8.866666666666667140e-01
8.908333333333333659e-01
8.900000000000000133e-01
8.933333333333333126e-01
8.924999999999999600e-01
8.816666666666667096e-01
8.908333333333333659e-01
8.908333333333333659e-01
8.958333333333333703e-01
8.858333333333333615e-01
8.900000000000000133e-01
8.816666666666667096e-01
8.908333333333333659e-01
8.883333333333333082e-01
8.725000000000000533e-01
8.958333333333333703e-01
8.933333333333333126e-01
8.891666666666666607e-01
8.933333333333333126e-01
8.958333333333333703e-01
8.916666666666667185e-01
8.908333333333333659e-01
8.916666666666667185e-01
8.891666666666666607e-01
8.933333333333333126e-01
8.950000000000000178e-01
8.974999999999999645e-01
8.883333333333333082e-01
8.924999999999999600e-01
8.941666666666666652e-01
8.924999999999999600e-01
8.916666666666667185e-01
8.891666666666666607e-01
8.924999999999999600e-01
8.974999999999999645e-01
8.950000000000000178e-01
8.974999999999999645e-01
8.941666666666666652e-01
8.900000000000000133e-01
8.983333333333333171e-01
8.966666666666666119e-01
8.941666666666666652e-01
9.016666666666666163e-01
8.966666666666666119e-01
8.983333333333333171e-01
8.958333333333333703e-01
8.933333333333333126e-01
9.050000000000000266e-01
8.974999999999999645e-01
8.966666666666666119e-01
