1.203483104705810547e+00
8.182091712951660156e-01
7.569552659988403320e-01
7.008525729179382324e-01
6.733307838439941406e-01
3.910608589649200439e-01
4.730236530303955078e-01
4.097434282302856445e-01
2.008130848407745361e-01
2.316198348999023438e-01
4.220579862594604492e-01
4.823721051216125488e-01
2.864916622638702393e-01
1.184765249490737915e-01
1.307496577501296997e-01
2.529109120368957520e-01
2.079336047172546387e-01
7.664397358894348145e-02
2.096089124679565430e-01
4.683461785316467285e-01
4.051330685615539551e-01
2.696245014667510986e-01
3.169037699699401855e-01
3.770951628684997559e-01
3.559703826904296875e-01
8.824163675308227539e-02
2.529767751693725586e-01
1.477064192295074463e-01
1.933845877647399902e-01
1.808823347091674805e-01
3.730788230895996094e-01
4.151348173618316650e-01
1.804487854242324829e-01
4.810874760150909424e-01
3.011510372161865234e-01
3.650456666946411133e-01
1.072043329477310181e-01
6.511356681585311890e-02
2.018786221742630005e-01
9.452153742313385010e-02
8.524490147829055786e-02
2.520592510700225830e-01
2.286480963230133057e-01
3.865231871604919434e-01
1.007997691631317139e-01
1.996878683567047119e-01
1.256214380264282227e-01
1.376468837261199951e-01
3.089256398379802704e-02
3.137972950935363770e-02
7.087534666061401367e-02
7.499562203884124756e-02
1.905414611101150513e-01
1.128037869930267334e-01
2.174994722008705139e-02
1.013760715723037720e-01
4.932634532451629639e-02
3.106663934886455536e-02
1.116306111216545105e-01
2.386992610991001129e-02
2.353725582361221313e-01
4.048565030097961426e-02
1.677220612764358521e-01
4.395014420151710510e-02
1.199061721563339233e-01
1.332574635744094849e-01
1.663582324981689453e-01
4.359427839517593384e-02
1.088469475507736206e-01
1.645282059907913208e-01
3.188847005367279053e-02
6.366301327943801880e-02
1.016019470989704132e-02
2.308725565671920776e-02
3.727491199970245361e-02
4.129591211676597595e-02
4.252912104129791260e-02
1.252635568380355835e-01
1.530820317566394806e-02
2.370124682784080505e-02
2.748133800923824310e-02
2.918861620128154755e-02
1.289814114570617676e-01
4.852845147252082825e-02
5.355906672775745392e-03
3.440339490771293640e-02
8.688600733876228333e-03
1.735706068575382233e-02
1.282314807176589966e-01
1.804083958268165588e-02
1.242144778370857239e-02
3.989574313163757324e-02
1.702156290411949158e-02
3.599102050065994263e-02
2.215121500194072723e-02
9.756349027156829834e-02
5.617881193757057190e-03
9.771227836608886719e-02
4.853629041463136673e-03
3.454170003533363342e-02
