1.025149345397949219e+00
7.396578788757324219e-01
5.378236770629882812e-01
5.057755708694458008e-01
3.591779470443725586e-01
3.017088770866394043e-01
3.538629412651062012e-01
1.991981714963912964e-01
1.545835137367248535e-01
1.883362531661987305e-01
2.151905000209808350e-01
2.761867642402648926e-01
4.105823338031768799e-01
2.945684194564819336e-01
2.946310937404632568e-01
3.327034711837768555e-01
1.006116345524787903e-01
2.518197000026702881e-01
2.529872059822082520e-01
1.674498766660690308e-01
2.983501739799976349e-02
2.912792861461639404e-01
3.065111041069030762e-01
3.360741734504699707e-01
1.831708252429962158e-01
9.987876564264297485e-02
2.045906186103820801e-01
3.632450699806213379e-01
1.386715173721313477e-01
1.892980039119720459e-01
3.321243822574615479e-01
3.396649062633514404e-01
2.389512956142425537e-01
5.256596207618713379e-02
1.059991642832756042e-01
1.682964116334915161e-01
9.356643259525299072e-02
5.118612200021743774e-02
1.528777480125427246e-01
1.294425278902053833e-01
4.700016975402832031e-01
1.634499728679656982e-01
1.927022337913513184e-01
2.570120692253112793e-01
1.729472428560256958e-01
9.641260653734207153e-02
1.145492047071456909e-01
5.043429881334304810e-02
1.957832127809524536e-01
2.038761787116527557e-02
2.483906149864196777e-01
6.882786005735397339e-02
1.987704336643218994e-01
5.099220275878906250e-01
1.518155634403228760e-01
3.359047770500183105e-01
9.453573822975158691e-02
3.205517530441284180e-01
1.239257156848907471e-01
2.145731598138809204e-01
1.939690113067626953e-01
1.498824656009674072e-01
2.277791500091552734e-01
1.478527784347534180e-01
8.998793363571166992e-02
4.856841266155242920e-02
2.787759006023406982e-01
1.529583483934402466e-01
1.196948438882827759e-01
1.154355704784393311e-01
5.624822899699211121e-02
1.300922930240631104e-01
9.899246692657470703e-02
1.829188168048858643e-01
4.542195424437522888e-02
7.701846957206726074e-02
2.709369659423828125e-01
2.689443528652191162e-02
1.756516098976135254e-01
3.190435841679573059e-02
2.956425845623016357e-01
1.497092545032501221e-01
7.937061786651611328e-02
2.871816791594028473e-02
1.179229766130447388e-01
1.580966077744960785e-02
1.080593615770339966e-01
7.831166684627532959e-02
1.021631881594657898e-01
5.071632564067840576e-02
1.084406971931457520e-01
2.147763967514038086e-01
1.036193594336509705e-02
1.949008554220199585e-02
7.564567029476165771e-02
7.074218988418579102e-02
7.545785047113895416e-03
6.231318786740303040e-02
4.133983701467514038e-02
1.203437801450490952e-02
