5.233333333333333171e-01
6.183333333333332904e-01
7.800000000000000266e-01
8.066666666666666430e-01
8.425000000000000266e-01
8.566666666666666874e-01
8.633333333333332860e-01
8.649999999999999911e-01
8.366666666666666696e-01
8.208333333333333037e-01
8.266666666666666607e-01
8.691666666666666430e-01
8.741666666666666474e-01
8.733333333333332948e-01
8.725000000000000533e-01
8.658333333333333437e-01
8.750000000000000000e-01
8.733333333333332948e-01
8.791666666666666519e-01
8.783333333333332993e-01
8.766666666666667052e-01
8.808333333333333570e-01
8.808333333333333570e-01
8.683333333333332904e-01
8.800000000000000044e-01
8.716666666666667007e-01
8.499999999999999778e-01
8.816666666666667096e-01
8.733333333333332948e-01
8.750000000000000000e-01
8.725000000000000533e-01
8.766666666666667052e-01
8.733333333333332948e-01
8.824999999999999512e-01
8.433333333333333792e-01
8.883333333333333082e-01
8.791666666666666519e-01
8.750000000000000000e-01
8.750000000000000000e-01
8.824999999999999512e-01
8.900000000000000133e-01
8.866666666666667140e-01
8.858333333333333615e-01
8.908333333333333659e-01
8.824999999999999512e-01
8.841666666666666563e-01
8.833333333333333037e-01
8.874999999999999556e-01
8.816666666666667096e-01
8.908333333333333659e-01
8.833333333333333037e-01
8.866666666666667140e-01
8.858333333333333615e-01
8.858333333333333615e-01
8.874999999999999556e-01
8.891666666666666607e-01
8.591666666666666341e-01
8.883333333333333082e-01
8.808333333333333570e-01
8.883333333333333082e-01
8.841666666666666563e-01
8.891666666666666607e-01
8.824999999999999512e-01
8.750000000000000000e-01
8.908333333333333659e-01
8.874999999999999556e-01
8.858333333333333615e-01
8.824999999999999512e-01
8.808333333333333570e-01
8.850000000000000089e-01
8.933333333333333126e-01
8.941666666666666652e-01
8.924999999999999600e-01
8.950000000000000178e-01
8.941666666666666652e-01
9.000000000000000222e-01
8.991666666666666696e-01
8.850000000000000089e-01
8.916666666666667185e-01
8.900000000000000133e-01
8.866666666666667140e-01
8.941666666666666652e-01
8.974999999999999645e-01
8.824999999999999512e-01
8.891666666666666607e-01
9.024999999999999689e-01
8.941666666666666652e-01
9.000000000000000222e-01
8.908333333333333659e-01
8.883333333333333082e-01
8.916666666666667185e-01
8.866666666666667140e-01
8.950000000000000178e-01
8.874999999999999556e-01
8.974999999999999645e-01
8.791666666666666519e-01
8.924999999999999600e-01
8.933333333333333126e-01
8.841666666666666563e-01
8.808333333333333570e-01
