1.093313574790954590e+00
9.172582626342773438e-01
5.434749126434326172e-01
5.933533906936645508e-01
4.081543684005737305e-01
4.635703265666961670e-01
2.973588705062866211e-01
2.817838788032531738e-01
1.823126375675201416e-01
1.116700768470764160e-01
4.632807970046997070e-01
2.623442411422729492e-01
9.289541840553283691e-02
5.495048761367797852e-01
2.268595844507217407e-01
3.385767638683319092e-01
3.913386762142181396e-01
2.212836146354675293e-01
2.753742337226867676e-01
2.254072427749633789e-01
1.742888391017913818e-01
1.403105854988098145e-01
8.120454102754592896e-02
4.215614795684814453e-01
6.451728940010070801e-02
3.735177516937255859e-01
2.056709229946136475e-01
3.387467265129089355e-01
4.772558510303497314e-01
3.966844379901885986e-01
1.770755946636199951e-01
3.704691529273986816e-01
2.166243046522140503e-01
2.424724400043487549e-01
3.165827393531799316e-01
9.606180340051651001e-02
1.507854461669921875e-01
8.834048360586166382e-02
1.731199920177459717e-01
1.213714107871055603e-01
2.281888872385025024e-01
2.477597147226333618e-01
2.168847620487213135e-01
8.060586452484130859e-02
4.668320715427398682e-02
1.247926428914070129e-01
1.939519345760345459e-01
8.445240557193756104e-02
3.074050843715667725e-01
3.311920538544654846e-02
3.415655195713043213e-01
1.554998755455017090e-01
7.248716056346893311e-02
4.070461392402648926e-01
2.066854238510131836e-01
8.319948613643646240e-02
8.035682141780853271e-02
1.961877644062042236e-01
1.489270478487014771e-01
3.109492361545562744e-01
1.690765619277954102e-01
1.286414712667465210e-01
2.420047223567962646e-01
3.350512981414794922e-01
2.500588595867156982e-01
1.506311297416687012e-01
5.401981621980667114e-02
7.954818755388259888e-02
8.284842222929000854e-02
2.526832371950149536e-02
9.329578839242458344e-03
1.804582625627517700e-01
9.458259493112564087e-02
5.077006667852401733e-02
5.314965918660163879e-02
1.140854954719543457e-01
1.475541293621063232e-02
7.050062716007232666e-02
6.445594131946563721e-02
8.004921674728393555e-02
1.475980877876281738e-01
6.549177318811416626e-02
6.806261837482452393e-02
2.000491172075271606e-01
2.033183723688125610e-01
1.139265298843383789e-01
1.631836593151092529e-01
6.933005154132843018e-02
2.896346338093280792e-02
1.005647331476211548e-01
1.246418505907058716e-01
1.208992004394531250e-01
1.209377497434616089e-02
8.033518493175506592e-02
2.970656752586364746e-02
3.930294513702392578e-02
7.000900059938430786e-02
1.132911294698715210e-01
6.899563968181610107e-02
4.914487898349761963e-02
