1.003887772560119629e+00
9.707405567169189453e-01
5.017088651657104492e-01
4.015675187110900879e-01
3.724930882453918457e-01
3.018521070480346680e-01
4.288844764232635498e-01
2.458695769309997559e-01
4.016569256782531738e-01
1.548551917076110840e-01
8.958055824041366577e-02
2.849928736686706543e-01
2.806713879108428955e-01
2.058867812156677246e-01
1.425690799951553345e-01
7.883010804653167725e-02
2.027705907821655273e-01
1.226142868399620056e-01
3.409508466720581055e-01
1.564381867647171021e-01
2.925234436988830566e-01
9.816885739564895630e-02
1.332803368568420410e-01
5.364255905151367188e-01
1.153932660818099976e-01
1.556974798440933228e-01
1.188539788126945496e-01
2.081459015607833862e-01
2.669417262077331543e-01
2.246755659580230713e-01
1.496120840311050415e-01
1.675940155982971191e-01
1.592513918876647949e-01
2.651153504848480225e-01
3.704872131347656250e-01
2.448101341724395752e-01
9.978147596120834351e-02
9.755893796682357788e-02
2.139227092266082764e-01
1.342554241418838501e-01
9.249217063188552856e-02
1.491576731204986572e-01
6.594703346490859985e-02
2.102464064955711365e-02
1.777860969305038452e-01
1.977981179952621460e-01
1.125920414924621582e-01
2.500926852226257324e-01
2.128315269947052002e-01
9.447884559631347656e-02
4.316449165344238281e-01
2.018087357282638550e-01
1.786663532257080078e-01
1.573887169361114502e-01
1.321018934249877930e-01
4.027783125638961792e-02
9.186674654483795166e-02
1.838640868663787842e-02
1.264340430498123169e-01
2.577996253967285156e-01
6.522229313850402832e-02
8.649170398712158203e-02
1.342220753431320190e-01
1.603717803955078125e-01
2.712413668632507324e-01
2.768494486808776855e-01
1.998084224760532379e-02
1.630090475082397461e-01
7.307062298059463501e-02
7.842310518026351929e-02
2.039586901664733887e-01
9.696602821350097656e-02
2.464427649974822998e-01
1.651178896427154541e-01
2.327794209122657776e-02
3.912819027900695801e-01
2.097017318010330200e-01
8.197391033172607422e-02
2.685153484344482422e-02
7.390751689672470093e-02
4.894662648439407349e-02
1.665068864822387695e-01
4.720819592475891113e-01
4.372023418545722961e-02
6.455016136169433594e-02
1.452929526567459106e-01
6.955586373805999756e-02
1.640438437461853027e-01
3.448127210140228271e-02
4.817322641611099243e-02
3.574296459555625916e-02
7.589443773031234741e-02
2.277050018310546875e-01
3.975484147667884827e-02
1.036079972982406616e-01
8.219961822032928467e-02
7.504377514123916626e-02
1.005427017807960510e-01
2.977063320577144623e-02
3.549689799547195435e-02
