5.433333333333333348e-01
6.041666666666666297e-01
7.966666666666666341e-01
8.449999999999999734e-01
8.508333333333333304e-01
8.566666666666666874e-01
8.699999999999999956e-01
8.616666666666666918e-01
8.525000000000000355e-01
8.850000000000000089e-01
8.091666666666667007e-01
8.633333333333332860e-01
8.575000000000000400e-01
8.783333333333332993e-01
8.499999999999999778e-01
8.708333333333333481e-01
8.833333333333333037e-01
8.758333333333333526e-01
8.649999999999999911e-01
8.766666666666667052e-01
8.766666666666667052e-01
8.683333333333332904e-01
8.808333333333333570e-01
8.833333333333333037e-01
8.791666666666666519e-01
8.475000000000000311e-01
8.725000000000000533e-01
8.841666666666666563e-01
8.908333333333333659e-01
8.958333333333333703e-01
8.858333333333333615e-01
8.924999999999999600e-01
8.699999999999999956e-01
8.958333333333333703e-01
8.966666666666666119e-01
8.891666666666666607e-01
8.758333333333333526e-01
8.866666666666667140e-01
8.941666666666666652e-01
8.933333333333333126e-01
8.733333333333332948e-01
8.958333333333333703e-01
8.941666666666666652e-01
8.774999999999999467e-01
8.924999999999999600e-01
8.750000000000000000e-01
8.791666666666666519e-01
8.924999999999999600e-01
8.900000000000000133e-01
8.816666666666667096e-01
8.866666666666667140e-01
8.900000000000000133e-01
8.933333333333333126e-01
8.966666666666666119e-01
8.974999999999999645e-01
8.950000000000000178e-01
8.933333333333333126e-01
8.958333333333333703e-01
8.933333333333333126e-01
8.991666666666666696e-01
8.924999999999999600e-01
8.874999999999999556e-01
8.916666666666667185e-01
8.858333333333333615e-01
8.933333333333333126e-01
8.800000000000000044e-01
8.908333333333333659e-01
8.800000000000000044e-01
8.791666666666666519e-01
8.916666666666667185e-01
8.933333333333333126e-01
8.950000000000000178e-01
8.941666666666666652e-01
8.916666666666667185e-01
8.991666666666666696e-01
8.966666666666666119e-01
8.816666666666667096e-01
8.883333333333333082e-01
8.941666666666666652e-01
8.883333333333333082e-01
8.908333333333333659e-01
8.924999999999999600e-01
8.933333333333333126e-01
8.950000000000000178e-01
8.941666666666666652e-01
8.950000000000000178e-01
8.983333333333333171e-01
8.908333333333333659e-01
8.950000000000000178e-01
8.933333333333333126e-01
8.924999999999999600e-01
8.966666666666666119e-01
8.958333333333333703e-01
8.908333333333333659e-01
8.924999999999999600e-01
8.958333333333333703e-01
8.983333333333333171e-01
9.066666666666666208e-01
9.016666666666666163e-01
8.991666666666666696e-01
