1.051680445671081543e+00
8.811826705932617188e-01
3.374056816101074219e-01
4.320067465305328369e-01
3.044701814651489258e-01
4.324912130832672119e-01
2.854723930358886719e-01
2.457431554794311523e-01
1.770682930946350098e-01
3.169692754745483398e-01
2.938978672027587891e-01
5.883548036217689514e-02
2.818227410316467285e-01
2.339106202125549316e-01
2.329831868410110474e-01
2.562893927097320557e-01
2.543154358863830566e-01
1.453549414873123169e-01
1.273967027664184570e-01
3.343440294265747070e-01
9.094911068677902222e-02
7.802993059158325195e-02
1.810351908206939697e-01
1.682245135307312012e-01
2.501432895660400391e-01
1.269535124301910400e-01
2.075527757406234741e-01
1.883593201637268066e-01
5.202682316303253174e-02
9.103780984878540039e-02
7.761406898498535156e-02
5.794730409979820251e-02
8.262494206428527832e-02
1.757175326347351074e-01
3.024653531610965729e-02
4.124973714351654053e-02
2.094674557447433472e-01
8.169715851545333862e-02
1.302795410156250000e-01
4.459196701645851135e-02
1.872821152210235596e-01
3.627429530024528503e-02
6.633459031581878662e-02
1.077778264880180359e-01
7.562347501516342163e-02
4.147116467356681824e-02
6.148510426282882690e-02
2.256529033184051514e-01
3.499775528907775879e-01
9.373079240322113037e-02
2.297766208648681641e-01
8.094713091850280762e-02
4.174988344311714172e-02
9.537291526794433594e-02
4.147570431232452393e-01
2.244458645582199097e-01
3.472816199064254761e-02
8.389122039079666138e-02
7.924696803092956543e-02
4.776439666748046875e-01
3.000621199607849121e-01
1.028835624456405640e-01
5.773165449500083923e-02
7.936103641986846924e-02
1.218928843736648560e-01
1.397929489612579346e-01
2.167453318834304810e-01
1.148993074893951416e-01
2.533758282661437988e-01
7.356923073530197144e-02
4.563847184181213379e-02
1.703396588563919067e-01
1.419188678264617920e-01
2.975508384406566620e-02
1.437263190746307373e-01
4.575184732675552368e-02
1.484718322753906250e-01
1.549950987100601196e-01
9.522031247615814209e-02
1.090166717767715454e-01
5.419044569134712219e-02
5.786427110433578491e-02
7.133994251489639282e-02
5.051876604557037354e-02
1.307084225118160248e-02
7.094393018633127213e-03
5.872476100921630859e-02
7.002810388803482056e-02
5.778374522924423218e-02
2.164211720228195190e-01
7.781565189361572266e-02
9.729190170764923096e-02
1.529381722211837769e-01
4.383546113967895508e-02
1.479226201772689819e-01
4.729576408863067627e-02
1.806354708969593048e-02
2.571737393736839294e-02
1.010487377643585205e-01
3.861644491553306580e-02
