1.088462710380554199e+00
9.725065827369689941e-01
7.337009906768798828e-01
5.271570086479187012e-01
3.850150704383850098e-01
4.074375629425048828e-01
3.286988735198974609e-01
2.135162651538848877e-01
3.873693645000457764e-01
4.161266088485717773e-01
2.626108527183532715e-01
4.508169293403625488e-01
2.879598736763000488e-01
3.081104457378387451e-01
2.652729749679565430e-01
8.277390897274017334e-02
2.420364022254943848e-01
2.352546304464340210e-01
3.708201646804809570e-01
1.815968453884124756e-01
2.716692686080932617e-01
1.877700984477996826e-01
3.808015286922454834e-01
2.236305624246597290e-01
1.770290434360504150e-01
2.619416117668151855e-01
2.403491139411926270e-01
3.078853785991668701e-01
1.867936998605728149e-01
1.380963325500488281e-01
2.322667986154556274e-01
2.132502198219299316e-01
4.878684282302856445e-01
9.920695424079895020e-02
2.150399237871170044e-01
1.399670541286468506e-01
1.837528496980667114e-01
3.297614455223083496e-01
9.476347267627716064e-02
1.501136422157287598e-01
1.320951879024505615e-01
1.910010576248168945e-01
1.667375266551971436e-01
9.943117946386337280e-02
1.886749565601348877e-01
4.403670728206634521e-01
1.907256692647933960e-01
2.461805641651153564e-01
1.483411490917205811e-01
2.107819318771362305e-01
3.517352789640426636e-02
1.782078109681606293e-02
3.109517395496368408e-01
6.375551223754882812e-02
8.937342464923858643e-02
4.639162495732307434e-02
7.194474339485168457e-02
9.363971650600433350e-02
6.273570656776428223e-02
9.413116425275802612e-02
6.089559569954872131e-02
2.055638097226619720e-02
6.188520044088363647e-02
2.282917797565460205e-01
2.074990570545196533e-01
4.283206909894943237e-02
2.193508744239807129e-01
2.739637196063995361e-01
1.294656395912170410e-01
1.413754522800445557e-01
1.488120257854461670e-01
6.560218334197998047e-02
1.189245060086250305e-01
1.475684642791748047e-01
8.083072304725646973e-02
2.426833212375640869e-01
3.726986795663833618e-02
5.044030398130416870e-02
6.302622705698013306e-02
9.162577986717224121e-02
1.593012213706970215e-01
1.493568867444992065e-01
2.970091812312602997e-02
5.811516195535659790e-02
4.332168400287628174e-02
3.537433594465255737e-02
4.073505848646163940e-02
3.474976494908332825e-02
3.619789704680442810e-02
8.039367944002151489e-02
3.968377411365509033e-02
1.624682545661926270e-02
1.036727651953697205e-01
4.453295096755027771e-02
2.928709983825683594e-02
5.440197885036468506e-02
1.087426990270614624e-01
9.997813403606414795e-02
3.169381245970726013e-02
1.865218281745910645e-01
