1.105799794197082520e+00
8.737747669219970703e-01
6.404219269752502441e-01
4.790471196174621582e-01
3.621582090854644775e-01
2.743627130985260010e-01
3.305959105491638184e-01
2.374455928802490234e-01
3.296059370040893555e-01
1.551251858472824097e-01
4.133367836475372314e-01
2.815995812416076660e-01
1.378909945487976074e-01
4.167799949645996094e-01
1.967929452657699585e-01
1.933327615261077881e-01
3.152775168418884277e-01
3.659878373146057129e-01
1.364673823118209839e-01
7.095414400100708008e-01
1.887574195861816406e-01
2.056437432765960693e-01
2.245442122220993042e-01
1.729018241167068481e-01
1.473104059696197510e-01
2.724071145057678223e-01
1.152273043990135193e-01
1.018503680825233459e-01
1.757868826389312744e-01
2.196363210678100586e-01
1.072117239236831665e-01
3.507921099662780762e-01
8.645637333393096924e-02
2.305770069360733032e-01
7.112933695316314697e-02
6.975822895765304565e-02
4.998875409364700317e-02
9.376981109380722046e-02
4.066132903099060059e-01
2.776120305061340332e-01
2.570782601833343506e-01
1.202141195535659790e-01
7.095611095428466797e-02
2.417639791965484619e-01
2.229560911655426025e-01
1.663380414247512817e-01
7.506068795919418335e-02
9.936829656362533569e-02
1.822156310081481934e-01
4.939464479684829712e-02
1.629285961389541626e-01
3.979563117027282715e-01
7.452505081892013550e-02
2.769522964954376221e-01
1.243590191006660461e-01
1.323215514421463013e-01
1.938846409320831299e-01
2.599164843559265137e-01
5.687397718429565430e-01
1.930409669876098633e-01
1.367287188768386841e-01
9.246627986431121826e-02
1.255055963993072510e-01
1.204609870910644531e-02
7.827813923358917236e-02
1.194029152393341064e-01
5.901540815830230713e-02
2.388843297958374023e-01
3.297766670584678650e-02
3.187545388936996460e-02
1.114905625581741333e-01
8.511544764041900635e-02
1.668513119220733643e-01
8.397758752107620239e-02
1.314384341239929199e-01
8.886829763650894165e-02
1.355867087841033936e-01
2.217608690261840820e-01
1.560917347669601440e-01
3.152326866984367371e-02
1.945158839225769043e-01
2.049610316753387451e-01
7.176939398050308228e-02
7.731415331363677979e-02
1.666578948497772217e-01
1.238054484128952026e-01
2.860670909285545349e-02
8.379800617694854736e-02
9.461224824190139771e-02
1.233735084533691406e-01
3.227798640727996826e-02
1.457284092903137207e-01
1.376348733901977539e-01
9.345088899135589600e-02
1.630952507257461548e-01
9.560088068246841431e-02
1.257517337799072266e-01
5.161604285240173340e-02
7.921512424945831299e-02
4.333006590604782104e-02
