6.266666666666667052e-01
7.416666666666666963e-01
8.349999999999999645e-01
7.783333333333333215e-01
8.441666666666666208e-01
8.533333333333333881e-01
8.599999999999999867e-01
8.358333333333333171e-01
8.399999999999999689e-01
8.633333333333332860e-01
8.575000000000000400e-01
8.616666666666666918e-01
8.566666666666666874e-01
8.616666666666666918e-01
8.525000000000000355e-01
8.691666666666666430e-01
8.708333333333333481e-01
8.658333333333333437e-01
8.608333333333333393e-01
8.558333333333333348e-01
8.725000000000000533e-01
8.841666666666666563e-01
8.750000000000000000e-01
8.791666666666666519e-01
8.800000000000000044e-01
8.766666666666667052e-01
8.750000000000000000e-01
8.866666666666667140e-01
8.874999999999999556e-01
8.841666666666666563e-01
8.824999999999999512e-01
8.908333333333333659e-01
8.900000000000000133e-01
8.766666666666667052e-01
8.866666666666667140e-01
8.874999999999999556e-01
8.874999999999999556e-01
8.966666666666666119e-01
8.933333333333333126e-01
9.008333333333333748e-01
8.508333333333333304e-01
8.966666666666666119e-01
8.891666666666666607e-01
9.024999999999999689e-01
8.916666666666667185e-01
9.033333333333333215e-01
9.033333333333333215e-01
9.000000000000000222e-01
8.966666666666666119e-01
9.016666666666666163e-01
9.066666666666666208e-01
9.050000000000000266e-01
9.000000000000000222e-01
9.016666666666666163e-01
8.991666666666666696e-01
9.000000000000000222e-01
8.950000000000000178e-01
9.091666666666666785e-01
8.883333333333333082e-01
8.991666666666666696e-01
9.074999999999999734e-01
9.108333333333333837e-01
9.066666666666666208e-01
8.675000000000000488e-01
9.000000000000000222e-01
8.833333333333333037e-01
9.050000000000000266e-01
9.074999999999999734e-01
9.058333333333333792e-01
9.008333333333333748e-01
9.050000000000000266e-01
9.066666666666666208e-01
9.024999999999999689e-01
9.033333333333333215e-01
9.050000000000000266e-01
8.916666666666667185e-01
8.966666666666666119e-01
8.983333333333333171e-01
9.124999999999999778e-01
8.991666666666666696e-01
8.933333333333333126e-01
9.033333333333333215e-01
9.041666666666666741e-01
9.041666666666666741e-01
8.974999999999999645e-01
9.050000000000000266e-01
9.000000000000000222e-01
9.008333333333333748e-01
9.000000000000000222e-01
9.050000000000000266e-01
8.991666666666666696e-01
8.858333333333333615e-01
9.008333333333333748e-01
9.041666666666666741e-01
9.008333333333333748e-01
9.108333333333333837e-01
9.124999999999999778e-01
8.891666666666666607e-01
9.050000000000000266e-01
9.150000000000000355e-01
