5.566666666666666430e-01
7.366666666666666918e-01
8.074999999999999956e-01
8.408333333333333215e-01
8.349999999999999645e-01
8.591666666666666341e-01
8.599999999999999867e-01
8.675000000000000488e-01
8.591666666666666341e-01
8.741666666666666474e-01
8.541666666666666297e-01
8.691666666666666430e-01
8.699999999999999956e-01
8.599999999999999867e-01
8.708333333333333481e-01
8.583333333333332815e-01
8.675000000000000488e-01
8.716666666666667007e-01
8.725000000000000533e-01
8.758333333333333526e-01
8.658333333333333437e-01
8.683333333333332904e-01
8.691666666666666430e-01
8.666666666666666963e-01
8.641666666666666385e-01
8.625000000000000444e-01
8.608333333333333393e-01
8.741666666666666474e-01
8.758333333333333526e-01
8.800000000000000044e-01
8.708333333333333481e-01
8.824999999999999512e-01
8.766666666666667052e-01
8.858333333333333615e-01
8.741666666666666474e-01
8.750000000000000000e-01
8.699999999999999956e-01
8.699999999999999956e-01
8.791666666666666519e-01
8.716666666666667007e-01
8.741666666666666474e-01
8.675000000000000488e-01
8.741666666666666474e-01
8.741666666666666474e-01
8.774999999999999467e-01
8.708333333333333481e-01
8.833333333333333037e-01
8.824999999999999512e-01
8.725000000000000533e-01
8.783333333333332993e-01
8.675000000000000488e-01
8.841666666666666563e-01
8.766666666666667052e-01
8.716666666666667007e-01
8.774999999999999467e-01
8.741666666666666474e-01
8.800000000000000044e-01
8.808333333333333570e-01
8.858333333333333615e-01
8.758333333333333526e-01
8.816666666666667096e-01
8.733333333333332948e-01
8.758333333333333526e-01
8.850000000000000089e-01
8.691666666666666430e-01
8.808333333333333570e-01
8.791666666666666519e-01
8.833333333333333037e-01
8.791666666666666519e-01
8.774999999999999467e-01
8.858333333333333615e-01
8.833333333333333037e-01
8.833333333333333037e-01
8.808333333333333570e-01
8.791666666666666519e-01
8.808333333333333570e-01
8.800000000000000044e-01
8.833333333333333037e-01
8.741666666666666474e-01
8.758333333333333526e-01
8.841666666666666563e-01
8.808333333333333570e-01
8.808333333333333570e-01
8.824999999999999512e-01
8.750000000000000000e-01
8.816666666666667096e-01
8.774999999999999467e-01
8.808333333333333570e-01
8.750000000000000000e-01
8.791666666666666519e-01
8.783333333333332993e-01
8.824999999999999512e-01
8.766666666666667052e-01
8.824999999999999512e-01
8.824999999999999512e-01
8.850000000000000089e-01
8.833333333333333037e-01
8.824999999999999512e-01
8.900000000000000133e-01
8.816666666666667096e-01
