5.816666666666666652e-01
7.083333333333333703e-01
8.191666666666667096e-01
8.658333333333333437e-01
8.733333333333332948e-01
8.516666666666666829e-01
8.649999999999999911e-01
8.625000000000000444e-01
8.758333333333333526e-01
8.824999999999999512e-01
8.691666666666666430e-01
8.716666666666667007e-01
8.691666666666666430e-01
8.708333333333333481e-01
8.800000000000000044e-01
8.699999999999999956e-01
8.800000000000000044e-01
8.858333333333333615e-01
8.866666666666667140e-01
8.633333333333332860e-01
8.816666666666667096e-01
8.916666666666667185e-01
8.791666666666666519e-01
8.850000000000000089e-01
8.758333333333333526e-01
8.741666666666666474e-01
8.816666666666667096e-01
8.866666666666667140e-01
8.616666666666666918e-01
8.933333333333333126e-01
8.908333333333333659e-01
8.966666666666666119e-01
8.950000000000000178e-01
8.950000000000000178e-01
8.958333333333333703e-01
8.950000000000000178e-01
8.983333333333333171e-01
8.983333333333333171e-01
8.941666666666666652e-01
8.791666666666666519e-01
8.841666666666666563e-01
8.950000000000000178e-01
8.974999999999999645e-01
8.924999999999999600e-01
8.924999999999999600e-01
8.958333333333333703e-01
8.933333333333333126e-01
8.941666666666666652e-01
8.958333333333333703e-01
8.966666666666666119e-01
8.941666666666666652e-01
8.983333333333333171e-01
8.983333333333333171e-01
8.858333333333333615e-01
8.950000000000000178e-01
8.941666666666666652e-01
9.016666666666666163e-01
9.008333333333333748e-01
8.974999999999999645e-01
8.950000000000000178e-01
9.041666666666666741e-01
9.008333333333333748e-01
8.916666666666667185e-01
8.950000000000000178e-01
8.991666666666666696e-01
9.041666666666666741e-01
8.916666666666667185e-01
8.983333333333333171e-01
9.041666666666666741e-01
9.041666666666666741e-01
8.866666666666667140e-01
8.966666666666666119e-01
8.974999999999999645e-01
8.816666666666667096e-01
9.033333333333333215e-01
8.991666666666666696e-01
8.916666666666667185e-01
9.024999999999999689e-01
9.116666666666666252e-01
9.008333333333333748e-01
8.858333333333333615e-01
9.008333333333333748e-01
8.950000000000000178e-01
9.124999999999999778e-01
9.000000000000000222e-01
9.016666666666666163e-01
9.016666666666666163e-01
8.908333333333333659e-01
9.116666666666666252e-01
9.024999999999999689e-01
9.041666666666666741e-01
9.041666666666666741e-01
9.008333333333333748e-01
9.150000000000000355e-01
9.041666666666666741e-01
8.974999999999999645e-01
9.074999999999999734e-01
9.083333333333333259e-01
9.024999999999999689e-01
8.808333333333333570e-01
