5.500000000000000444e-01
6.983333333333333615e-01
8.158333333333332993e-01
8.466666666666666785e-01
8.666666666666666963e-01
8.658333333333333437e-01
8.758333333333333526e-01
8.483333333333333837e-01
8.733333333333332948e-01
8.766666666666667052e-01
8.725000000000000533e-01
8.824999999999999512e-01
8.866666666666667140e-01
8.866666666666667140e-01
8.791666666666666519e-01
8.841666666666666563e-01
8.958333333333333703e-01
8.924999999999999600e-01
8.933333333333333126e-01
8.791666666666666519e-01
8.974999999999999645e-01
8.933333333333333126e-01
8.850000000000000089e-01
9.000000000000000222e-01
9.066666666666666208e-01
9.041666666666666741e-01
8.883333333333333082e-01
8.916666666666667185e-01
9.116666666666666252e-01
8.983333333333333171e-01
9.074999999999999734e-01
9.150000000000000355e-01
9.008333333333333748e-01
9.133333333333333304e-01
9.150000000000000355e-01
8.974999999999999645e-01
9.150000000000000355e-01
8.733333333333332948e-01
9.208333333333332815e-01
9.050000000000000266e-01
9.141666666666666829e-01
9.224999999999999867e-01
9.174999999999999822e-01
9.191666666666666874e-01
9.208333333333332815e-01
9.183333333333333348e-01
9.216666666666666341e-01
9.033333333333333215e-01
9.233333333333333393e-01
9.033333333333333215e-01
9.233333333333333393e-01
9.191666666666666874e-01
9.033333333333333215e-01
9.241666666666666918e-01
9.258333333333332860e-01
9.208333333333332815e-01
8.916666666666667185e-01
9.191666666666666874e-01
9.224999999999999867e-01
9.208333333333332815e-01
9.174999999999999822e-01
9.191666666666666874e-01
9.300000000000000488e-01
9.200000000000000400e-01
9.224999999999999867e-01
9.250000000000000444e-01
9.274999999999999911e-01
9.033333333333333215e-01
9.283333333333333437e-01
9.233333333333333393e-01
9.250000000000000444e-01
9.283333333333333437e-01
9.150000000000000355e-01
9.266666666666666385e-01
9.366666666666666474e-01
8.924999999999999600e-01
9.316666666666666430e-01
9.308333333333332904e-01
9.191666666666666874e-01
8.900000000000000133e-01
9.250000000000000444e-01
9.350000000000000533e-01
9.266666666666666385e-01
9.316666666666666430e-01
9.008333333333333748e-01
9.208333333333332815e-01
9.216666666666666341e-01
9.224999999999999867e-01
9.333333333333333481e-01
9.350000000000000533e-01
9.366666666666666474e-01
9.350000000000000533e-01
9.258333333333332860e-01
9.316666666666666430e-01
9.300000000000000488e-01
9.341666666666667007e-01
9.358333333333332948e-01
9.200000000000000400e-01
9.300000000000000488e-01
9.333333333333333481e-01
