1.052793860435485840e+00
7.219299077987670898e-01
4.991381168365478516e-01
3.624660372734069824e-01
2.158198952674865723e-01
4.618107676506042480e-01
2.298935204744338989e-01
2.616513967514038086e-01
3.030980229377746582e-01
2.382369637489318848e-01
3.060238957405090332e-01
1.951475739479064941e-01
1.132368370890617371e-01
2.348011285066604614e-01
1.890685260295867920e-01
2.187291979789733887e-01
4.924665987491607666e-01
1.768537759780883789e-01
1.564470827579498291e-01
1.283664703369140625e-01
2.223442196846008301e-01
2.052748501300811768e-01
3.899110555648803711e-01
1.277976930141448975e-01
3.257052898406982422e-01
2.755872011184692383e-01
2.048574686050415039e-01
5.822644382715225220e-02
7.374761998653411865e-02
4.917331933975219727e-01
2.136446833610534668e-01
2.266420722007751465e-01
2.003036439418792725e-01
1.296397745609283447e-01
3.488119244575500488e-01
1.597480028867721558e-01
1.212165951728820801e-01
2.481322735548019409e-01
1.031747013330459595e-01
2.005569040775299072e-01
3.225201368331909180e-01
1.827020049095153809e-01
1.392609477043151855e-01
1.769864410161972046e-01
3.881792724132537842e-02
1.175184100866317749e-01
1.845029294490814209e-01
1.846629232168197632e-01
9.599839895963668823e-02
1.058864220976829529e-02
9.208297729492187500e-02
1.078047454357147217e-01
1.078940927982330322e-01
1.604152172803878784e-01
1.052132248878479004e-01
1.381884813308715820e-01
1.764231771230697632e-01
1.184898540377616882e-01
7.061960548162460327e-02
1.346265822649002075e-01
9.990809857845306396e-02
7.436971366405487061e-02
1.654124855995178223e-01
7.979699969291687012e-02
7.839375734329223633e-02
1.523567140102386475e-01
1.343334168195724487e-01
5.080417543649673462e-02
1.195962503552436829e-01
1.545418202877044678e-01
2.047847211360931396e-01
8.933023363351821899e-02
5.339992418885231018e-02
7.687569409608840942e-02
1.587091535329818726e-01
7.142259180545806885e-02
9.758678078651428223e-02
1.667454838752746582e-01
9.013184905052185059e-02
5.246669054031372070e-02
3.636370897293090820e-01
1.018707547336816788e-02
1.150417476892471313e-01
4.541511088609695435e-02
1.274716854095458984e-01
5.544637888669967651e-02
9.920847415924072266e-02
7.359973341226577759e-02
1.093586608767509460e-01
5.756045132875442505e-02
1.143816709518432617e-01
1.575590074062347412e-01
8.041955530643463135e-02
3.282687067985534668e-02
7.316784560680389404e-02
7.669878005981445312e-02
1.003906503319740295e-01
4.547557979822158813e-02
1.139301061630249023e-01
1.160320490598678589e-01
