1.264410972595214844e+00
9.582479000091552734e-01
7.248402237892150879e-01
6.209053397178649902e-01
5.621545314788818359e-01
3.927735090255737305e-01
4.990150034427642822e-01
1.349650919437408447e-01
2.083470523357391357e-01
2.010137438774108887e-01
3.442987799644470215e-01
3.039004802703857422e-01
1.293091326951980591e-01
4.117525219917297363e-01
2.576983571052551270e-01
2.586413919925689697e-01
2.059490382671356201e-01
6.288579106330871582e-01
1.774151772260665894e-01
1.451867520809173584e-01
1.473571360111236572e-01
3.094129562377929688e-01
1.640429645776748657e-01
2.126145362854003906e-01
3.270676732063293457e-01
2.092989236116409302e-01
2.008025050163269043e-01
1.702443659305572510e-01
4.862142726778984070e-02
8.046865463256835938e-02
1.181028559803962708e-01
1.974734961986541748e-01
1.121276170015335083e-01
2.693901360034942627e-01
1.461748033761978149e-01
1.457326710224151611e-01
1.162439510226249695e-01
1.312678754329681396e-01
1.950272470712661743e-01
5.369080975651741028e-02
1.610824912786483765e-01
3.621536493301391602e-01
9.636113792657852173e-02
1.094158738851547241e-01
1.466376483440399170e-01
4.691775888204574585e-02
1.065834909677505493e-01
3.096065521240234375e-01
3.141796886920928955e-01
1.584739238023757935e-01
4.923227056860923767e-02
1.347952485084533691e-01
5.502165108919143677e-02
3.509488701820373535e-02
7.204369455575942993e-02
2.337454408407211304e-01
6.123701483011245728e-02
6.212650239467620850e-02
1.978238224983215332e-01
3.028453700244426727e-02
2.503868639469146729e-01
1.078591570258140564e-01
4.894390329718589783e-02
5.982622876763343811e-02
2.319243550300598145e-02
5.596803873777389526e-02
7.793815433979034424e-02
1.519636511802673340e-01
8.029790222644805908e-02
4.817887395620346069e-02
1.075596921145915985e-02
8.862528204917907715e-02
7.799170911312103271e-02
1.617811433970928192e-02
7.305556535720825195e-02
7.010544650256633759e-03
1.093699336051940918e-01
2.735928446054458618e-02
1.965297013521194458e-02
3.461956232786178589e-02
2.923426590859889984e-02
1.573377661406993866e-02
2.438163384795188904e-02
6.531191617250442505e-02
1.217686310410499573e-01
3.984779864549636841e-02
1.081863120198249817e-01
1.022736728191375732e-02
1.393020153045654297e-01
6.880363076925277710e-02
2.272763988003134727e-03
7.283482700586318970e-03
1.759222298860549927e-01
5.531258136034011841e-02
2.628700435161590576e-02
4.057046025991439819e-02
2.092191483825445175e-03
3.834222257137298584e-02
1.716042906045913696e-01
2.693526213988661766e-03
