1.074485898017883301e+00
5.694482326507568359e-01
5.517662763595581055e-01
4.490742683410644531e-01
3.142502903938293457e-01
2.535489499568939209e-01
4.196945428848266602e-01
3.776507079601287842e-01
4.682550430297851562e-01
9.570252895355224609e-02
1.102369576692581177e-01
9.807053208351135254e-02
3.082058429718017578e-01
2.557922601699829102e-01
2.028249800205230713e-01
2.483928203582763672e-01
2.068409472703933716e-01
2.653983533382415771e-01
4.372116923332214355e-01
2.229883223772048950e-01
2.667143940925598145e-01
1.686547100543975830e-01
3.706516027450561523e-01
4.366220831871032715e-01
7.610099017620086670e-02
2.792949676513671875e-01
1.688482165336608887e-01
1.645391434431076050e-01
3.818016052246093750e-01
9.427049010992050171e-02
1.869724094867706299e-01
4.132126569747924805e-01
1.058279573917388916e-01
7.648499310016632080e-02
7.723069936037063599e-02
4.700283706188201904e-01
1.959728747606277466e-01
5.271106585860252380e-02
1.473200768232345581e-01
3.258297443389892578e-01
1.985945403575897217e-01
6.335262954235076904e-02
5.952006578445434570e-02
7.728943973779678345e-02
1.964852362871170044e-01
2.362046241760253906e-01
4.577156528830528259e-02
4.744559228420257568e-01
1.696421056985855103e-01
1.851021647453308105e-01
7.090950012207031250e-02
2.155123353004455566e-01
1.735366880893707275e-01
6.800420582294464111e-02
5.909506604075431824e-02
7.368400692939758301e-02
2.301632612943649292e-02
1.207520067691802979e-01
9.548242390155792236e-02
6.052212044596672058e-02
3.083639144897460938e-01
9.921058267354965210e-02
5.492898449301719666e-02
9.459283202886581421e-02
7.484557479619979858e-02
9.923124313354492188e-02
6.368866562843322754e-02
3.702717646956443787e-02
1.193569451570510864e-01
1.455983221530914307e-01
1.526739597320556641e-01
1.411580946296453476e-02
1.407345384359359741e-01
1.584765315055847168e-01
1.040413603186607361e-02
6.902290135622024536e-02
6.316113471984863281e-02
1.870453655719757080e-01
7.783555239439010620e-02
7.871899008750915527e-02
9.400025010108947754e-02
1.779273524880409241e-02
4.310984909534454346e-02
1.591065675020217896e-01
6.869497150182723999e-02
4.419922083616256714e-02
9.700302779674530029e-02
2.611505798995494843e-02
5.560980737209320068e-02
6.449347734451293945e-02
7.588012516498565674e-02
1.869951486587524414e-01
9.878236800432205200e-02
1.480069756507873535e-01
9.681760519742965698e-02
2.369962930679321289e-01
1.464518532156944275e-02
2.984722144901752472e-02
1.127124875783920288e-01
1.118326708674430847e-01
