1.039861440658569336e+00
1.017657518386840820e+00
7.698189616203308105e-01
4.861808121204376221e-01
3.959272503852844238e-01
3.771443963050842285e-01
4.558260440826416016e-01
3.054393529891967773e-01
2.404719591140747070e-01
2.526662349700927734e-01
1.962406039237976074e-01
2.201127260923385620e-01
3.234216868877410889e-01
3.416410386562347412e-01
1.167976781725883484e-01
1.602329015731811523e-01
1.102348119020462036e-01
2.928603291511535645e-01
3.030828237533569336e-01
3.710281103849411011e-02
1.848335415124893188e-01
1.888946443796157837e-01
3.485999703407287598e-01
1.126919239759445190e-01
3.186844587326049805e-01
2.663616538047790527e-01
1.961767226457595825e-01
2.107600271701812744e-01
2.741130888462066650e-01
6.678906083106994629e-02
2.657833993434906006e-01
4.129543900489807129e-01
1.122808903455734253e-01
2.797537744045257568e-01
1.569936871528625488e-01
1.257172226905822754e-01
1.884991079568862915e-01
2.750734984874725342e-01
1.353036016225814819e-01
9.704110026359558105e-02
1.838923394680023193e-01
2.713387012481689453e-01
3.249998390674591064e-01
1.595436781644821167e-01
2.491437941789627075e-01
4.941361770033836365e-02
1.054866909980773926e-01
4.187719523906707764e-01
5.128689110279083252e-02
4.052746295928955078e-02
1.691791713237762451e-01
7.092723995447158813e-02
2.589140832424163818e-01
1.602302193641662598e-01
1.528457701206207275e-01
2.102507501840591431e-01
1.793718189001083374e-01
1.274970620870590210e-01
1.450912654399871826e-01
2.792010009288787842e-01
6.275773793458938599e-02
4.882012307643890381e-02
4.187781363725662231e-02
1.235740408301353455e-01
7.003380358219146729e-02
1.248788982629776001e-01
7.558016479015350342e-02
1.204466745257377625e-01
4.245407879352569580e-02
4.909292608499526978e-02
2.105591744184494019e-01
9.101844578981399536e-02
1.763150990009307861e-01
1.582737863063812256e-01
1.019410640001296997e-01
5.597798153758049011e-02
1.218086704611778259e-01
9.010585397481918335e-02
2.031669467687606812e-01
1.402104943990707397e-01
6.144171953201293945e-02
1.057388633489608765e-01
7.988154143095016479e-02
1.212891340255737305e-01
1.428718417882919312e-01
5.650108307600021362e-02
6.702677905559539795e-02
3.508779406547546387e-02
1.224117130041122437e-01
3.855131193995475769e-02
8.779129385948181152e-02
3.118730708956718445e-02
4.168796539306640625e-02
2.461949288845062256e-01
6.041045114398002625e-02
9.963649511337280273e-02
2.539796195924282074e-02
2.208227850496768951e-02
9.000107645988464355e-02
7.045727223157882690e-02
