5.216666666666666119e-01
6.291666666666666519e-01
7.166666666666666741e-01
7.916666666666666297e-01
8.216666666666666563e-01
8.133333333333333526e-01
8.466666666666666785e-01
8.625000000000000444e-01
8.649999999999999911e-01
8.783333333333332993e-01
8.808333333333333570e-01
8.824999999999999512e-01
8.725000000000000533e-01
8.850000000000000089e-01
8.800000000000000044e-01
8.833333333333333037e-01
8.800000000000000044e-01
8.858333333333333615e-01
8.858333333333333615e-01
8.766666666666667052e-01
8.716666666666667007e-01
8.874999999999999556e-01
8.950000000000000178e-01
8.891666666666666607e-01
8.824999999999999512e-01
8.774999999999999467e-01
8.941666666666666652e-01
8.833333333333333037e-01
8.475000000000000311e-01
8.858333333333333615e-01
8.950000000000000178e-01
8.974999999999999645e-01
8.933333333333333126e-01
8.716666666666667007e-01
8.766666666666667052e-01
8.966666666666666119e-01
8.783333333333332993e-01
8.983333333333333171e-01
9.008333333333333748e-01
8.966666666666666119e-01
8.974999999999999645e-01
9.008333333333333748e-01
8.958333333333333703e-01
8.958333333333333703e-01
8.950000000000000178e-01
8.950000000000000178e-01
9.008333333333333748e-01
8.933333333333333126e-01
9.041666666666666741e-01
8.974999999999999645e-01
9.024999999999999689e-01
9.024999999999999689e-01
9.033333333333333215e-01
9.108333333333333837e-01
8.891666666666666607e-01
9.050000000000000266e-01
8.950000000000000178e-01
8.900000000000000133e-01
9.050000000000000266e-01
9.058333333333333792e-01
9.050000000000000266e-01
8.941666666666666652e-01
9.066666666666666208e-01
8.933333333333333126e-01
9.041666666666666741e-01
9.041666666666666741e-01
9.074999999999999734e-01
9.041666666666666741e-01
9.033333333333333215e-01
8.991666666666666696e-01
9.016666666666666163e-01
9.041666666666666741e-01
9.066666666666666208e-01
8.966666666666666119e-01
9.091666666666666785e-01
9.041666666666666741e-01
8.983333333333333171e-01
8.941666666666666652e-01
9.033333333333333215e-01
9.000000000000000222e-01
8.991666666666666696e-01
9.041666666666666741e-01
9.024999999999999689e-01
9.016666666666666163e-01
9.008333333333333748e-01
9.024999999999999689e-01
9.000000000000000222e-01
9.033333333333333215e-01
9.058333333333333792e-01
9.033333333333333215e-01
9.091666666666666785e-01
9.041666666666666741e-01
9.066666666666666208e-01
9.050000000000000266e-01
9.041666666666666741e-01
9.091666666666666785e-01
9.000000000000000222e-01
9.024999999999999689e-01
9.024999999999999689e-01
9.033333333333333215e-01
