8.467262387275695801e-01
8.997344970703125000e-01
6.493914127349853516e-01
5.232416391372680664e-01
4.364544749259948730e-01
3.123501837253570557e-01
3.006732761859893799e-01
4.068263471126556396e-01
3.157995939254760742e-01
3.434454202651977539e-01
4.110258221626281738e-01
1.551088094711303711e-01
1.732949167490005493e-01
5.203787088394165039e-01
1.462221592664718628e-01
2.482885718345642090e-01
3.432174324989318848e-01
2.919319868087768555e-01
3.066917657852172852e-01
1.073309034109115601e-01
8.871702849864959717e-02
1.411936581134796143e-01
2.435147613286972046e-01
6.337914466857910156e-01
3.951836526393890381e-01
6.723807752132415771e-02
4.823251962661743164e-01
1.452622264623641968e-01
3.366387784481048584e-01
1.961378753185272217e-01
3.128713369369506836e-01
2.530829012393951416e-01
3.943784832954406738e-01
1.329764723777770996e-01
3.876697421073913574e-01
2.645676136016845703e-01
1.829633414745330811e-01
1.460892558097839355e-01
1.259588152170181274e-01
2.228684723377227783e-01
2.106261253356933594e-01
8.133114129304885864e-02
4.663453251123428345e-02
2.472981214523315430e-01
1.245727166533470154e-01
1.502941995859146118e-01
1.430207937955856323e-01
2.466063797473907471e-01
7.278632372617721558e-02
1.538863331079483032e-01
1.631402671337127686e-01
7.262632995843887329e-02
1.381911933422088623e-01
1.434514969587326050e-01
9.462920576333999634e-02
1.781940907239913940e-01
1.043645888566970825e-01
1.895026713609695435e-01
5.330870300531387329e-02
3.809176385402679443e-02
9.339997917413711548e-02
3.888429105281829834e-01
1.271525174379348755e-01
1.959653198719024658e-01
1.615994721651077271e-01
7.998194545507431030e-02
1.256200764328241348e-02
6.096050143241882324e-02
4.657777398824691772e-02
1.452549993991851807e-01
8.114404976367950439e-02
7.385495305061340332e-02
1.132763400673866272e-01
1.394838094711303711e-01
2.845093235373497009e-02
6.522071361541748047e-02
1.340978145599365234e-01
1.676680520176887512e-02
8.065921068191528320e-02
1.137612909078598022e-01
4.134368896484375000e-02
2.087157815694808960e-01
1.424436420202255249e-01
3.589227423071861267e-02
7.594472169876098633e-02
3.557220697402954102e-01
6.488230824470520020e-02
8.840894699096679688e-02
4.536689445376396179e-02
6.374146044254302979e-02
1.772845387458801270e-01
2.970053628087043762e-02
2.994288690388202667e-02
4.997579008340835571e-02
2.332771420478820801e-01
5.436877161264419556e-02
7.050296664237976074e-02
1.309934854507446289e-01
1.336903125047683716e-02
8.155611902475357056e-02
