1.052396893501281738e+00
5.645587444305419922e-01
4.690970778465270996e-01
5.073279142379760742e-01
3.489468395709991455e-01
3.242881298065185547e-01
2.532984614372253418e-01
3.156401515007019043e-01
3.722299337387084961e-01
2.829882502555847168e-01
2.288129180669784546e-01
1.988144665956497192e-01
4.171393513679504395e-01
1.031019985675811768e-01
2.461248934268951416e-01
1.866190880537033081e-01
3.889991343021392822e-01
5.555317401885986328e-01
2.188901156187057495e-01
1.748532801866531372e-01
2.747262120246887207e-01
9.046085923910140991e-02
1.961035281419754028e-01
3.361946940422058105e-01
2.567141652107238770e-01
1.174759566783905029e-01
2.789704799652099609e-01
8.434297889471054077e-02
3.113040328025817871e-01
7.183219492435455322e-02
1.485022306442260742e-01
1.495798826217651367e-01
2.674905955791473389e-01
1.949675381183624268e-01
1.357517242431640625e-01
2.619829177856445312e-01
1.007864475250244141e-01
2.182092368602752686e-01
1.265640258789062500e-01
1.882793307304382324e-01
8.394452929496765137e-02
6.402254849672317505e-02
2.037259638309478760e-01
8.203895390033721924e-02
7.798763364553451538e-02
9.286905825138092041e-02
1.384775787591934204e-01
3.708488494157791138e-02
7.897859066724777222e-02
1.579708158969879150e-01
9.418062865734100342e-02
9.026140719652175903e-02
4.222726523876190186e-01
1.721075177192687988e-01
5.006239563226699829e-02
1.620640158653259277e-01
1.122377589344978333e-01
1.734542697668075562e-01
8.885547518730163574e-02
8.915878832340240479e-02
3.241791129112243652e-01
1.301778405904769897e-01
5.028923973441123962e-02
9.105402976274490356e-02
2.405877783894538879e-02
1.903516948223114014e-01
1.586705893278121948e-01
3.566267490386962891e-01
5.964231491088867188e-02
2.419169843196868896e-01
1.517796330153942108e-02
4.015220701694488525e-01
2.902369797229766846e-01
1.983506046235561371e-02
1.503998637199401855e-01
7.938040047883987427e-02
2.706102840602397919e-02
2.277512848377227783e-01
9.118841029703617096e-03
7.337367534637451172e-02
5.089670047163963318e-02
3.020932674407958984e-01
1.391505599021911621e-01
5.199033021926879883e-02
8.106420934200286865e-02
7.397019863128662109e-02
3.582956641912460327e-02
5.409077554941177368e-02
2.192066013813018799e-01
3.749157115817070007e-02
1.883156895637512207e-01
1.300090700387954712e-01
1.744322329759597778e-01
6.628010421991348267e-02
4.113408923149108887e-02
3.915234655141830444e-02
8.618893101811408997e-03
1.593438908457756042e-02
3.702812641859054565e-02
1.398625038564205170e-02
