1.271931529045104980e+00
7.781562805175781250e-01
6.626820564270019531e-01
4.401395618915557861e-01
5.164930224418640137e-01
2.700250446796417236e-01
4.355983734130859375e-01
3.046025335788726807e-01
2.743754088878631592e-01
4.759739339351654053e-01
1.487470567226409912e-01
4.143360853195190430e-01
5.997784137725830078e-01
2.695586383342742920e-01
2.653888761997222900e-01
1.372359097003936768e-01
2.626707553863525391e-01
1.732749938964843750e-01
1.138334795832633972e-01
2.915091514587402344e-01
2.686890959739685059e-01
3.208335041999816895e-01
8.682401478290557861e-02
1.684366464614868164e-01
9.655371308326721191e-02
8.620288223028182983e-02
1.892623305320739746e-01
1.624141484498977661e-01
2.348352074623107910e-01
1.575751006603240967e-01
1.882607936859130859e-01
9.737044572830200195e-02
2.948762476444244385e-01
3.034457862377166748e-01
1.253143846988677979e-01
1.847548037767410278e-01
2.055501937866210938e-01
8.903265744447708130e-02
1.985318362712860107e-01
7.016435265541076660e-02
1.199067831039428711e-01
1.668060719966888428e-01
5.937070399522781372e-02
5.704164877533912659e-02
7.706923037767410278e-02
1.710266172885894775e-01
1.223277896642684937e-01
2.321294993162155151e-01
1.555955708026885986e-01
2.156646847724914551e-01
3.754761070013046265e-02
1.112946495413780212e-01
1.014330089092254639e-01
1.329703629016876221e-01
2.608112990856170654e-01
3.066704273223876953e-01
1.940837875008583069e-02
3.274257779121398926e-01
6.816790997982025146e-02
2.691007032990455627e-02
1.638411432504653931e-01
3.257241547107696533e-01
4.813831299543380737e-02
3.821137547492980957e-02
2.860989868640899658e-01
1.045127362012863159e-01
1.119158416986465454e-01
7.791999727487564087e-02
1.029549092054367065e-01
7.697620242834091187e-02
1.046253442764282227e-01
9.568894654512405396e-02
2.003009617328643799e-01
1.414455175399780273e-01
6.010628864169120789e-02
6.092360615730285645e-02
4.711248725652694702e-02
5.641339346766471863e-03
8.370710909366607666e-02
1.131328046321868896e-01
8.534025400876998901e-02
6.636334955692291260e-02
2.555471658706665039e-02
1.267005652189254761e-01
7.188892364501953125e-02
7.233025133609771729e-02
3.788635134696960449e-02
5.472959950566291809e-02
2.106666564941406250e-01
1.279512643814086914e-01
5.867506191134452820e-02
4.613059386610984802e-02
8.711339533329010010e-02
1.562449149787425995e-02
7.668107002973556519e-02
2.253468520939350128e-02
2.642468176782131195e-02
1.311591416597366333e-01
6.434823572635650635e-02
2.018648758530616760e-02
