1.288755178451538086e+00
1.097093582153320312e+00
6.895535588264465332e-01
6.582654714584350586e-01
4.909721314907073975e-01
4.349428713321685791e-01
3.694556653499603271e-01
3.108106553554534912e-01
3.262868523597717285e-01
1.604039967060089111e-01
4.111366868019104004e-01
3.985534310340881348e-01
3.197679519653320312e-01
1.566519141197204590e-01
1.732904762029647827e-01
2.046000361442565918e-01
2.070501148700714111e-01
2.011509835720062256e-01
2.966867983341217041e-01
3.765731155872344971e-01
2.083351612091064453e-01
1.766774654388427734e-01
2.110377252101898193e-01
2.245789170265197754e-01
1.746465861797332764e-01
1.590631753206253052e-01
1.327184587717056274e-01
1.225348338484764099e-01
1.480395197868347168e-01
9.930843859910964966e-02
1.059342622756958008e-01
6.720347702503204346e-02
8.903805911540985107e-02
2.383490204811096191e-01
1.244894117116928101e-01
2.199974358081817627e-01
3.407322764396667480e-01
5.410815402865409851e-02
5.351214855909347534e-02
1.858471184968948364e-01
1.993532627820968628e-01
6.769745796918869019e-02
4.326854944229125977e-01
1.599368751049041748e-01
6.405309587717056274e-02
5.441224575042724609e-02
4.713293164968490601e-02
2.686678767204284668e-01
1.399386078119277954e-01
1.185705363750457764e-01
1.845733970403671265e-01
1.817341148853302002e-02
7.744190841913223267e-02
2.272719442844390869e-01
1.109919846057891846e-01
3.145124912261962891e-01
2.199939340353012085e-01
1.398868858814239502e-01
7.126767933368682861e-02
5.335691571235656738e-02
5.826657265424728394e-02
9.831090271472930908e-02
1.418158970773220062e-02
1.226900294423103333e-01
1.013890504837036133e-01
2.129455506801605225e-01
6.954773515462875366e-02
2.264773473143577576e-02
9.276484698057174683e-02
1.187264472246170044e-01
1.266938894987106323e-01
1.027450934052467346e-01
5.775730311870574951e-02
3.022500500082969666e-02
4.016106203198432922e-02
5.416825413703918457e-02
1.766646839678287506e-02
7.076969742774963379e-02
3.495261073112487793e-02
1.734114885330200195e-01
3.094107611104846001e-03
2.749804034829139709e-02
2.945417165756225586e-02
7.543274760246276855e-02
1.982069760560989380e-02
1.042476966977119446e-01
1.917440094985067844e-03
7.626602053642272949e-02
4.802023246884346008e-02
3.621447458863258362e-02
1.029748022556304932e-01
3.595228493213653564e-02
1.450155824422836304e-01
3.377439826726913452e-02
2.350342832505702972e-02
5.038209632039070129e-02
1.554215699434280396e-01
8.281119167804718018e-02
9.049443900585174561e-02
9.240888804197311401e-02
