1.096014261245727539e+00
9.625700116157531738e-01
8.871315717697143555e-01
6.005681157112121582e-01
5.642012953758239746e-01
3.196115493774414062e-01
3.886840343475341797e-01
4.357628226280212402e-01
2.542639970779418945e-01
4.322661161422729492e-01
4.241695404052734375e-01
1.546944081783294678e-01
4.752688109874725342e-01
1.445529311895370483e-01
3.468702435493469238e-01
4.271983206272125244e-01
9.165126085281372070e-02
1.314318180084228516e-01
1.235149875283241272e-01
2.482149899005889893e-01
2.883675694465637207e-01
8.905031532049179077e-02
2.173465341329574585e-01
1.939239352941513062e-01
1.018402129411697388e-01
1.979290544986724854e-01
1.827136427164077759e-01
2.129060178995132446e-01
4.258882105350494385e-01
2.467070817947387695e-01
8.347897976636886597e-02
2.259348630905151367e-01
1.707918643951416016e-01
1.107490062713623047e-01
1.178231388330459595e-01
1.161000058054924011e-01
1.153023242950439453e-01
1.581330299377441406e-01
1.435177177190780640e-01
3.357855379581451416e-01
1.082816645503044128e-01
1.220798566937446594e-01
8.099602162837982178e-02
1.291958689689636230e-01
3.220220282673835754e-02
1.067447811365127563e-01
1.772195398807525635e-01
7.635499536991119385e-02
3.725189566612243652e-01
2.033665031194686890e-01
7.412150502204895020e-02
6.232195999473333359e-03
9.923863410949707031e-02
1.474058628082275391e-01
2.399065531790256500e-02
2.554090023040771484e-01
2.227968275547027588e-01
1.726019233465194702e-01
2.192813158035278320e-01
5.095487087965011597e-02
5.774629116058349609e-02
1.149889007210731506e-01
2.942867577075958252e-01
1.750056147575378418e-01
9.134900569915771484e-02
2.480586320161819458e-01
5.170841142535209656e-02
1.012248694896697998e-01
1.485235393047332764e-01
7.038738578557968140e-02
3.666527196764945984e-02
8.714513480663299561e-02
4.788444191217422485e-02
3.359995782375335693e-02
5.690491944551467896e-02
1.125730574131011963e-01
3.495119884610176086e-02
9.145294874906539917e-02
1.936587132513523102e-02
2.596195787191390991e-02
5.322192609310150146e-02
1.524464488029479980e-01
4.466560110449790955e-02
9.790575504302978516e-02
1.000284850597381592e-01
2.444707229733467102e-02
5.637091398239135742e-02
2.742976248264312744e-01
1.458196938037872314e-01
1.550272554159164429e-01
1.438600569963455200e-01
1.659678220748901367e-01
2.006082609295845032e-02
7.937789708375930786e-02
2.381807006895542145e-02
4.951114207506179810e-02
8.007104694843292236e-02
1.886283606290817261e-02
5.172474682331085205e-02
1.503445655107498169e-01
