1.122047901153564453e+00
7.837491035461425781e-01
6.429079771041870117e-01
3.534292876720428467e-01
3.562631011009216309e-01
4.130885303020477295e-01
2.269082963466644287e-01
2.796998023986816406e-01
2.944650352001190186e-01
1.892741471529006958e-01
1.708004772663116455e-01
3.040970861911773682e-01
3.128710389137268066e-01
2.119318097829818726e-01
2.257091253995895386e-01
2.387959510087966919e-01
2.008011341094970703e-01
3.447418212890625000e-01
3.611920773983001709e-01
1.931381225585937500e-01
1.391270607709884644e-01
1.742784678936004639e-01
5.083045363426208496e-02
1.319119185209274292e-01
2.721959948539733887e-01
3.335999846458435059e-01
3.945803046226501465e-01
1.409205049276351929e-01
3.008790612220764160e-01
1.340499669313430786e-01
2.858222126960754395e-01
4.767098128795623779e-01
1.953841298818588257e-01
1.619745790958404541e-01
1.745533943176269531e-01
8.086695522069931030e-02
3.503749370574951172e-01
4.461069703102111816e-01
9.237606823444366455e-02
5.336291790008544922e-01
1.202732846140861511e-01
5.406001210212707520e-02
1.759544909000396729e-01
1.721795797348022461e-01
1.742218434810638428e-01
4.864638298749923706e-02
7.254314422607421875e-02
8.558275550603866577e-02
8.294689655303955078e-02
8.213157951831817627e-02
2.579632103443145752e-01
1.249197646975517273e-01
1.187445148825645447e-01
4.200992733240127563e-02
2.331417798995971680e-01
8.016933500766754150e-02
1.560924351215362549e-01
1.399871706962585449e-01
1.116806343197822571e-01
1.016318053007125854e-01
3.998751938343048096e-02
1.826004087924957275e-01
4.637818783521652222e-02
7.564616203308105469e-02
2.878939509391784668e-01
8.643224835395812988e-02
8.984660357236862183e-02
7.226718962192535400e-02
1.178361624479293823e-01
1.510263234376907349e-01
2.154022157192230225e-01
2.571095898747444153e-02
5.999749898910522461e-02
4.364877194166183472e-02
1.527831405401229858e-01
3.530115261673927307e-02
3.838188201189041138e-02
2.120468579232692719e-02
8.435496687889099121e-02
1.001144647598266602e-01
2.257927954196929932e-01
6.814157962799072266e-02
2.270686998963356018e-02
2.112256735563278198e-02
3.737322613596916199e-02
3.140211105346679688e-02
1.450374424457550049e-01
3.581126406788825989e-02
6.068594008684158325e-02
4.366214200854301453e-02
1.330564618110656738e-01
5.732432007789611816e-02
1.352676562964916229e-02
2.415000461041927338e-02
7.743565738201141357e-02
4.505639523267745972e-02
7.172618806362152100e-02
1.422102469950914383e-02
8.252772688865661621e-02
7.901616394519805908e-02
