6.166666666666666963e-01
7.533333333333332993e-01
6.975000000000000089e-01
8.358333333333333171e-01
8.225000000000000089e-01
8.725000000000000533e-01
8.716666666666667007e-01
8.824999999999999512e-01
8.758333333333333526e-01
8.675000000000000488e-01
8.858333333333333615e-01
8.683333333333332904e-01
8.633333333333332860e-01
8.258333333333333082e-01
8.866666666666667140e-01
8.858333333333333615e-01
8.958333333333333703e-01
8.783333333333332993e-01
8.833333333333333037e-01
8.991666666666666696e-01
8.891666666666666607e-01
8.858333333333333615e-01
9.066666666666666208e-01
9.058333333333333792e-01
9.050000000000000266e-01
8.908333333333333659e-01
9.124999999999999778e-01
8.974999999999999645e-01
9.083333333333333259e-01
9.166666666666666297e-01
9.008333333333333748e-01
9.191666666666666874e-01
9.208333333333332815e-01
8.974999999999999645e-01
9.066666666666666208e-01
9.141666666666666829e-01
9.108333333333333837e-01
9.200000000000000400e-01
9.166666666666666297e-01
9.233333333333333393e-01
9.233333333333333393e-01
9.200000000000000400e-01
9.216666666666666341e-01
9.100000000000000311e-01
9.291666666666666963e-01
8.183333333333333570e-01
9.050000000000000266e-01
9.233333333333333393e-01
9.216666666666666341e-01
9.174999999999999822e-01
9.300000000000000488e-01
9.308333333333332904e-01
9.266666666666666385e-01
9.066666666666666208e-01
9.383333333333333526e-01
9.091666666666666785e-01
9.324999999999999956e-01
9.375000000000000000e-01
9.341666666666667007e-01
9.300000000000000488e-01
9.333333333333333481e-01
9.308333333333332904e-01
9.324999999999999956e-01
9.283333333333333437e-01
9.100000000000000311e-01
9.258333333333332860e-01
9.350000000000000533e-01
9.308333333333332904e-01
9.300000000000000488e-01
9.158333333333333881e-01
9.316666666666666430e-01
9.333333333333333481e-01
9.333333333333333481e-01
9.233333333333333393e-01
9.250000000000000444e-01
9.266666666666666385e-01
9.258333333333332860e-01
9.375000000000000000e-01
9.183333333333333348e-01
9.366666666666666474e-01
9.033333333333333215e-01
9.300000000000000488e-01
9.375000000000000000e-01
9.350000000000000533e-01
9.283333333333333437e-01
9.350000000000000533e-01
9.324999999999999956e-01
9.350000000000000533e-01
9.375000000000000000e-01
9.333333333333333481e-01
9.333333333333333481e-01
9.324999999999999956e-01
9.308333333333332904e-01
9.066666666666666208e-01
9.316666666666666430e-01
9.341666666666667007e-01
9.366666666666666474e-01
9.341666666666667007e-01
9.333333333333333481e-01
9.399999999999999467e-01
