1.157566905021667480e+00
8.908219337463378906e-01
6.271861791610717773e-01
8.507226109504699707e-01
4.336827993392944336e-01
4.367692470550537109e-01
3.883505463600158691e-01
3.531124591827392578e-01
2.276677489280700684e-01
4.277147650718688965e-01
3.149194717407226562e-01
2.687629461288452148e-01
2.477363198995590210e-01
7.553774863481521606e-02
3.527752459049224854e-01
1.067160665988922119e-01
3.036520779132843018e-01
4.173834621906280518e-01
2.701826095581054688e-01
3.405117392539978027e-01
9.903918206691741943e-02
2.344230562448501587e-01
3.065584301948547363e-01
2.183177173137664795e-01
7.305350899696350098e-02
2.107520699501037598e-01
2.011502981185913086e-01
3.040344715118408203e-01
2.578090727329254150e-01
1.183118373155593872e-01
9.070730954408645630e-02
8.136817812919616699e-02
7.554036378860473633e-02
1.292769014835357666e-01
1.111574620008468628e-01
2.121852338314056396e-01
2.243133783340454102e-01
2.656117975711822510e-01
1.381557434797286987e-01
2.171594202518463135e-01
9.426090121269226074e-02
3.500610888004302979e-01
1.802082210779190063e-01
2.299603223800659180e-01
2.311500608921051025e-01
2.095568180084228516e-02
1.449479162693023682e-01
5.677694082260131836e-01
1.679337024688720703e-01
1.640897691249847412e-01
1.352158635854721069e-01
1.586143672466278076e-01
1.925344169139862061e-01
1.788255572319030762e-01
8.487199246883392334e-02
2.054898142814636230e-01
2.334560304880142212e-01
2.157467305660247803e-01
2.244676500558853149e-01
1.101581901311874390e-01
6.502068042755126953e-02
1.337591707706451416e-01
1.049545556306838989e-01
2.902791500091552734e-01
4.292540997266769409e-02
7.575277984142303467e-02
1.184006333351135254e-01
1.076867729425430298e-01
1.182111203670501709e-01
9.808833152055740356e-02
5.072702839970588684e-02
9.016636759042739868e-02
6.623396277427673340e-02
5.248912796378135681e-02
2.048797011375427246e-01
1.198280528187751770e-01
4.959382861852645874e-02
1.394082605838775635e-01
7.645924389362335205e-02
1.285090446472167969e-01
1.492360830307006836e-01
8.666895329952239990e-02
5.456412211060523987e-02
1.873319745063781738e-01
1.289960145950317383e-01
2.530275098979473114e-02
1.913814693689346313e-01
1.861543506383895874e-01
1.456359587609767914e-02
1.910612881183624268e-01
2.654868662357330322e-01
8.096543699502944946e-02
2.451359927654266357e-01
4.487925767898559570e-02
2.811673097312450409e-02
3.920375555753707886e-02
6.764586269855499268e-02
2.251924946904182434e-02
1.999683678150177002e-01
4.341699555516242981e-02
