1.081035375595092773e+00
8.950402736663818359e-01
6.230816841125488281e-01
6.550270318984985352e-01
4.749128222465515137e-01
6.074966192245483398e-01
2.462671399116516113e-01
2.802746295928955078e-01
1.794208884239196777e-01
2.395218014717102051e-01
1.585279852151870728e-01
3.035559356212615967e-01
3.157439231872558594e-01
4.064255952835083008e-01
2.155105173587799072e-01
1.526509374380111694e-01
2.247090637683868408e-01
2.052035331726074219e-01
3.529635667800903320e-01
2.586494684219360352e-01
2.077812552452087402e-01
2.234892100095748901e-01
2.500474750995635986e-01
2.818056344985961914e-01
1.473131030797958374e-01
2.075568288564682007e-01
1.571794152259826660e-01
1.689435392618179321e-01
1.148132011294364929e-01
1.319670528173446655e-01
2.970176339149475098e-01
1.906883120536804199e-01
5.369716882705688477e-01
2.003388702869415283e-01
1.724200844764709473e-01
3.779096007347106934e-01
2.532283961772918701e-01
3.746071457862854004e-01
1.524287164211273193e-01
2.374310642480850220e-01
6.091590598225593567e-02
1.227153316140174866e-01
2.231970727443695068e-01
1.630318760871887207e-01
1.890636682510375977e-01
3.539117574691772461e-01
2.330035716295242310e-01
1.882811933755874634e-01
1.020003408193588257e-01
4.205880165100097656e-01
2.035079002380371094e-01
1.625406146049499512e-01
9.118367731571197510e-02
6.911718100309371948e-02
1.014930903911590576e-01
3.363198414444923401e-02
9.219097346067428589e-02
1.335917264223098755e-01
8.531092852354049683e-02
1.641299389302730560e-02
1.547705829143524170e-01
8.746132999658584595e-02
1.132779493927955627e-01
6.699346005916595459e-02
1.538777500391006470e-01
9.032478183507919312e-02
9.809216856956481934e-02
4.655031487345695496e-02
2.495952323079109192e-02
1.346621215343475342e-01
1.516035646200180054e-01
6.975325196981430054e-02
1.927026920020580292e-02
2.500283159315586090e-02
7.481800019741058350e-02
6.071866676211357117e-02
1.023163199424743652e-01
1.037689894437789917e-01
6.083030626177787781e-02
6.839793175458908081e-02
4.819291830062866211e-02
3.311713412404060364e-02
6.074078381061553955e-02
3.571099042892456055e-02
2.800654992461204529e-02
2.472717314958572388e-02
6.543769687414169312e-02
1.244628243148326874e-02
1.158125400543212891e-01
1.328624933958053589e-01
1.463601738214492798e-02
3.288428485393524170e-02
9.459599107503890991e-02
1.751503162086009979e-02
4.340756684541702271e-02
3.378751873970031738e-02
6.286458671092987061e-02
8.164196461439132690e-02
9.009835869073867798e-02
1.880257576704025269e-02
