4.899999999999999911e-01
6.466666666666666119e-01
6.991666666666667140e-01
8.125000000000000000e-01
8.599999999999999867e-01
8.558333333333333348e-01
8.699999999999999956e-01
8.774999999999999467e-01
8.699999999999999956e-01
8.449999999999999734e-01
8.658333333333333437e-01
8.858333333333333615e-01
8.783333333333332993e-01
8.649999999999999911e-01
8.883333333333333082e-01
8.850000000000000089e-01
8.641666666666666385e-01
8.791666666666666519e-01
8.883333333333333082e-01
8.924999999999999600e-01
8.733333333333332948e-01
8.966666666666666119e-01
8.883333333333333082e-01
8.708333333333333481e-01
8.275000000000000133e-01
8.800000000000000044e-01
8.750000000000000000e-01
8.974999999999999645e-01
8.950000000000000178e-01
8.966666666666666119e-01
8.950000000000000178e-01
8.958333333333333703e-01
8.983333333333333171e-01
8.966666666666666119e-01
8.874999999999999556e-01
9.000000000000000222e-01
9.016666666666666163e-01
9.041666666666666741e-01
8.983333333333333171e-01
9.000000000000000222e-01
8.983333333333333171e-01
8.916666666666667185e-01
9.016666666666666163e-01
8.991666666666666696e-01
8.941666666666666652e-01
8.991666666666666696e-01
8.683333333333332904e-01
9.016666666666666163e-01
9.016666666666666163e-01
8.941666666666666652e-01
9.024999999999999689e-01
9.050000000000000266e-01
8.974999999999999645e-01
9.058333333333333792e-01
8.983333333333333171e-01
9.083333333333333259e-01
9.008333333333333748e-01
9.033333333333333215e-01
8.983333333333333171e-01
9.033333333333333215e-01
9.083333333333333259e-01
9.066666666666666208e-01
8.874999999999999556e-01
9.074999999999999734e-01
9.141666666666666829e-01
9.058333333333333792e-01
8.966666666666666119e-01
9.083333333333333259e-01
9.024999999999999689e-01
9.066666666666666208e-01
9.133333333333333304e-01
9.108333333333333837e-01
9.108333333333333837e-01
8.974999999999999645e-01
9.083333333333333259e-01
8.983333333333333171e-01
9.016666666666666163e-01
9.158333333333333881e-01
9.016666666666666163e-01
9.008333333333333748e-01
9.016666666666666163e-01
9.133333333333333304e-01
9.058333333333333792e-01
9.008333333333333748e-01
9.074999999999999734e-01
9.150000000000000355e-01
9.150000000000000355e-01
9.100000000000000311e-01
9.033333333333333215e-01
9.208333333333332815e-01
9.150000000000000355e-01
9.141666666666666829e-01
9.074999999999999734e-01
9.158333333333333881e-01
9.116666666666666252e-01
9.000000000000000222e-01
9.150000000000000355e-01
9.200000000000000400e-01
8.983333333333333171e-01
9.266666666666666385e-01
