9.516665935516357422e-01
9.410886764526367188e-01
7.577115297317504883e-01
4.251345396041870117e-01
4.625784754753112793e-01
2.750603556632995605e-01
2.799321711063385010e-01
4.851738810539245605e-01
2.544174492359161377e-01
1.998620778322219849e-01
2.262103557586669922e-01
2.057869136333465576e-01
4.275759458541870117e-01
1.032680869102478027e-01
1.392271220684051514e-01
2.655821740627288818e-01
3.163437843322753906e-01
2.496145814657211304e-01
2.464900165796279907e-01
1.823424249887466431e-01
5.834859237074851990e-02
3.897483348846435547e-01
1.573327481746673584e-01
2.448735237121582031e-01
2.718532681465148926e-01
6.427529454231262207e-02
3.554832935333251953e-01
3.291350901126861572e-01
1.076171547174453735e-01
3.607774078845977783e-01
2.288474142551422119e-01
1.318584829568862915e-01
1.297065913677215576e-01
6.450952589511871338e-02
3.210471868515014648e-01
1.466649174690246582e-01
3.207710981369018555e-01
5.766570195555686951e-02
1.286323070526123047e-01
2.252038717269897461e-01
7.756944745779037476e-02
3.309880495071411133e-01
3.459105193614959717e-01
8.246107399463653564e-02
1.338213086128234863e-01
1.018993183970451355e-01
8.251603692770004272e-02
9.795494377613067627e-02
1.908968687057495117e-01
1.840989738702774048e-01
2.087214738130569458e-01
8.310246467590332031e-02
1.528195142745971680e-01
6.373867392539978027e-02
3.045617938041687012e-01
2.160547375679016113e-01
1.682216376066207886e-01
1.521736085414886475e-01
2.066790312528610229e-02
1.759122461080551147e-01
1.252679526805877686e-01
2.008380740880966187e-02
1.042286455631256104e-01
9.717278927564620972e-02
1.922782063484191895e-01
1.906025111675262451e-01
1.005082428455352783e-01
2.930398844182491302e-02
4.593526199460029602e-02
2.492723427712917328e-02
1.386692672967910767e-01
2.765706777572631836e-01
1.017824336886405945e-01
9.153580665588378906e-02
2.836359143257141113e-01
3.602911531925201416e-02
2.832137048244476318e-02
2.069230824708938599e-01
1.393534056842327118e-02
2.616513893008232117e-02
3.363831713795661926e-02
8.429947495460510254e-02
1.258382350206375122e-01
3.485518693923950195e-02
2.654670178890228271e-01
5.815734341740608215e-02
4.087821766734123230e-02
1.636335402727127075e-01
1.588073521852493286e-01
2.309437096118927002e-02
1.500291191041469574e-02
5.028063803911209106e-02
4.566283896565437317e-02
6.030112877488136292e-02
4.534024000167846680e-02
8.168126642704010010e-02
1.986218616366386414e-02
4.577930271625518799e-02
2.820243313908576965e-02
1.360377818346023560e-01
