5.250000000000000222e-01
6.099999999999999867e-01
7.691666666666666652e-01
8.033333333333333437e-01
8.266666666666666607e-01
8.491666666666666252e-01
8.458333333333333259e-01
8.649999999999999911e-01
8.758333333333333526e-01
8.716666666666667007e-01
8.741666666666666474e-01
8.816666666666667096e-01
8.758333333333333526e-01
8.816666666666667096e-01
8.533333333333333881e-01
8.891666666666666607e-01
8.783333333333332993e-01
8.850000000000000089e-01
8.958333333333333703e-01
8.891666666666666607e-01
8.974999999999999645e-01
8.924999999999999600e-01
8.874999999999999556e-01
8.966666666666666119e-01
8.908333333333333659e-01
8.924999999999999600e-01
8.966666666666666119e-01
8.874999999999999556e-01
8.933333333333333126e-01
9.058333333333333792e-01
9.008333333333333748e-01
9.108333333333333837e-01
8.858333333333333615e-01
8.958333333333333703e-01
8.991666666666666696e-01
9.083333333333333259e-01
9.000000000000000222e-01
9.024999999999999689e-01
9.183333333333333348e-01
9.133333333333333304e-01
9.124999999999999778e-01
9.116666666666666252e-01
9.116666666666666252e-01
9.108333333333333837e-01
9.100000000000000311e-01
9.058333333333333792e-01
9.158333333333333881e-01
9.066666666666666208e-01
9.174999999999999822e-01
9.174999999999999822e-01
9.066666666666666208e-01
9.250000000000000444e-01
9.258333333333332860e-01
9.150000000000000355e-01
9.133333333333333304e-01
9.224999999999999867e-01
9.166666666666666297e-01
9.158333333333333881e-01
9.216666666666666341e-01
8.824999999999999512e-01
9.066666666666666208e-01
9.224999999999999867e-01
9.283333333333333437e-01
9.274999999999999911e-01
9.224999999999999867e-01
9.174999999999999822e-01
9.250000000000000444e-01
9.266666666666666385e-01
9.283333333333333437e-01
9.183333333333333348e-01
9.166666666666666297e-01
9.258333333333332860e-01
9.024999999999999689e-01
9.266666666666666385e-01
9.208333333333332815e-01
9.274999999999999911e-01
9.166666666666666297e-01
9.316666666666666430e-01
9.291666666666666963e-01
9.333333333333333481e-01
9.350000000000000533e-01
9.216666666666666341e-01
9.266666666666666385e-01
9.300000000000000488e-01
9.308333333333332904e-01
9.350000000000000533e-01
9.283333333333333437e-01
9.316666666666666430e-01
9.224999999999999867e-01
9.158333333333333881e-01
9.233333333333333393e-01
9.283333333333333437e-01
9.316666666666666430e-01
9.241666666666666918e-01
9.316666666666666430e-01
9.316666666666666430e-01
9.291666666666666963e-01
9.350000000000000533e-01
9.158333333333333881e-01
9.308333333333332904e-01
