1.126700639724731445e+00
9.074949622154235840e-01
7.725428342819213867e-01
5.047088265419006348e-01
4.739394783973693848e-01
3.801934421062469482e-01
2.658393383026123047e-01
3.201088011264801025e-01
4.225455522537231445e-01
1.405679881572723389e-01
3.845430314540863037e-01
3.594917058944702148e-01
2.774697542190551758e-01
2.507751882076263428e-01
4.231669902801513672e-01
2.982478141784667969e-01
1.861970424652099609e-01
1.172252297401428223e-01
2.001604735851287842e-01
3.234636485576629639e-01
1.748159527778625488e-01
1.043002158403396606e-01
8.459392189979553223e-02
3.347405791282653809e-01
2.630451917648315430e-01
2.697771191596984863e-01
1.438828110694885254e-01
2.449387609958648682e-01
1.105569303035736084e-01
2.895939350128173828e-01
1.595146209001541138e-01
1.934287697076797485e-01
2.043091207742691040e-01
1.141635999083518982e-01
3.683080971240997314e-01
1.834262758493423462e-01
4.124888777732849121e-02
5.186644569039344788e-02
2.942073941230773926e-01
1.104937642812728882e-01
2.258428037166595459e-01
1.278756260871887207e-01
2.297641783952713013e-01
1.148328036069869995e-01
2.143049985170364380e-02
1.179134771227836609e-01
1.715010404586791992e-01
3.184032142162322998e-01
3.022796213626861572e-01
6.370334327220916748e-02
3.027204871177673340e-01
6.955812126398086548e-02
8.957342803478240967e-02
1.173477321863174438e-01
9.502598643302917480e-02
7.768658548593521118e-02
1.240057945251464844e-01
4.265253245830535889e-01
3.029023408889770508e-01
6.732673384249210358e-03
2.244116812944412231e-01
1.224108785390853882e-01
2.530741989612579346e-01
1.298483759164810181e-01
1.217745095491409302e-01
1.036708056926727295e-01
8.756138384342193604e-02
7.494297623634338379e-02
2.300828993320465088e-01
5.194202437996864319e-02
8.088921010494232178e-02
2.613972127437591553e-01
3.056367039680480957e-01
6.779500097036361694e-02
2.121518701314926147e-01
1.472411453723907471e-01
4.604723453521728516e-01
7.695227116346359253e-02
2.689171135425567627e-01
2.068945765495300293e-01
2.614541947841644287e-01
1.022988408803939819e-01
8.662708103656768799e-02
1.822579354047775269e-01
3.307094797492027283e-02
7.838057726621627808e-02
6.016722321510314941e-02
2.970343083143234253e-02
1.029094308614730835e-01
1.157761365175247192e-02
2.431350015103816986e-02
2.918485924601554871e-02
9.415386244654655457e-03
1.201691552996635437e-01
1.115449666976928711e-01
6.690458208322525024e-02
1.007377132773399353e-01
1.184918433427810669e-01
1.433141976594924927e-01
1.407702267169952393e-01
