5.350000000000000311e-01
6.383333333333333082e-01
7.741666666666666696e-01
7.824999999999999734e-01
8.399999999999999689e-01
8.475000000000000311e-01
8.541666666666666297e-01
8.483333333333333837e-01
8.508333333333333304e-01
8.566666666666666874e-01
8.566666666666666874e-01
8.666666666666666963e-01
8.641666666666666385e-01
8.691666666666666430e-01
8.716666666666667007e-01
8.599999999999999867e-01
8.750000000000000000e-01
8.441666666666666208e-01
8.691666666666666430e-01
8.699999999999999956e-01
8.833333333333333037e-01
8.783333333333332993e-01
8.791666666666666519e-01
8.833333333333333037e-01
8.833333333333333037e-01
8.766666666666667052e-01
8.466666666666666785e-01
8.833333333333333037e-01
8.708333333333333481e-01
8.874999999999999556e-01
8.866666666666667140e-01
8.800000000000000044e-01
8.841666666666666563e-01
8.850000000000000089e-01
8.924999999999999600e-01
8.908333333333333659e-01
8.725000000000000533e-01
8.908333333333333659e-01
8.933333333333333126e-01
8.966666666666666119e-01
8.900000000000000133e-01
8.933333333333333126e-01
8.783333333333332993e-01
8.933333333333333126e-01
8.950000000000000178e-01
8.958333333333333703e-01
8.941666666666666652e-01
8.966666666666666119e-01
8.816666666666667096e-01
8.983333333333333171e-01
8.941666666666666652e-01
8.941666666666666652e-01
8.974999999999999645e-01
8.950000000000000178e-01
8.983333333333333171e-01
8.958333333333333703e-01
8.974999999999999645e-01
8.950000000000000178e-01
8.941666666666666652e-01
8.900000000000000133e-01
8.866666666666667140e-01
8.841666666666666563e-01
8.991666666666666696e-01
8.924999999999999600e-01
9.000000000000000222e-01
8.941666666666666652e-01
9.033333333333333215e-01
8.883333333333333082e-01
8.941666666666666652e-01
8.958333333333333703e-01
9.083333333333333259e-01
9.008333333333333748e-01
8.974999999999999645e-01
8.699999999999999956e-01
9.058333333333333792e-01
9.050000000000000266e-01
9.041666666666666741e-01
9.050000000000000266e-01
8.958333333333333703e-01
9.041666666666666741e-01
8.983333333333333171e-01
9.016666666666666163e-01
9.024999999999999689e-01
8.991666666666666696e-01
9.024999999999999689e-01
9.008333333333333748e-01
9.024999999999999689e-01
9.000000000000000222e-01
8.983333333333333171e-01
8.991666666666666696e-01
9.074999999999999734e-01
8.950000000000000178e-01
8.974999999999999645e-01
9.050000000000000266e-01
9.008333333333333748e-01
8.974999999999999645e-01
9.033333333333333215e-01
9.016666666666666163e-01
8.941666666666666652e-01
9.033333333333333215e-01
