5.141666666666666607e-01
5.000000000000000000e-01
6.458333333333333703e-01
8.024999999999999911e-01
8.549999999999999822e-01
8.149999999999999467e-01
8.549999999999999822e-01
8.750000000000000000e-01
8.675000000000000488e-01
8.766666666666667052e-01
8.649999999999999911e-01
8.816666666666667096e-01
8.874999999999999556e-01
8.908333333333333659e-01
8.591666666666666341e-01
8.366666666666666696e-01
8.950000000000000178e-01
8.924999999999999600e-01
8.874999999999999556e-01
8.541666666666666297e-01
8.616666666666666918e-01
8.908333333333333659e-01
8.924999999999999600e-01
8.966666666666666119e-01
8.950000000000000178e-01
8.608333333333333393e-01
8.933333333333333126e-01
8.916666666666667185e-01
8.983333333333333171e-01
8.900000000000000133e-01
8.874999999999999556e-01
8.325000000000000178e-01
8.983333333333333171e-01
8.933333333333333126e-01
9.116666666666666252e-01
9.033333333333333215e-01
8.908333333333333659e-01
9.050000000000000266e-01
9.100000000000000311e-01
9.091666666666666785e-01
9.008333333333333748e-01
9.108333333333333837e-01
8.716666666666667007e-01
9.016666666666666163e-01
9.158333333333333881e-01
9.116666666666666252e-01
9.124999999999999778e-01
9.041666666666666741e-01
9.108333333333333837e-01
9.033333333333333215e-01
8.974999999999999645e-01
9.033333333333333215e-01
9.091666666666666785e-01
9.100000000000000311e-01
9.100000000000000311e-01
9.074999999999999734e-01
9.091666666666666785e-01
9.158333333333333881e-01
9.150000000000000355e-01
8.958333333333333703e-01
8.833333333333333037e-01
9.183333333333333348e-01
9.058333333333333792e-01
9.141666666666666829e-01
8.983333333333333171e-01
8.699999999999999956e-01
9.150000000000000355e-01
9.033333333333333215e-01
9.083333333333333259e-01
9.216666666666666341e-01
8.924999999999999600e-01
8.983333333333333171e-01
9.216666666666666341e-01
8.974999999999999645e-01
9.208333333333332815e-01
9.158333333333333881e-01
8.883333333333333082e-01
9.083333333333333259e-01
8.883333333333333082e-01
9.066666666666666208e-01
9.033333333333333215e-01
9.191666666666666874e-01
9.224999999999999867e-01
9.074999999999999734e-01
9.200000000000000400e-01
9.116666666666666252e-01
9.183333333333333348e-01
9.191666666666666874e-01
9.216666666666666341e-01
9.183333333333333348e-01
9.083333333333333259e-01
9.016666666666666163e-01
8.916666666666667185e-01
9.150000000000000355e-01
8.974999999999999645e-01
9.166666666666666297e-01
9.091666666666666785e-01
9.216666666666666341e-01
9.116666666666666252e-01
9.216666666666666341e-01
