1.067219972610473633e+00
8.273166418075561523e-01
6.691161990165710449e-01
4.539718925952911377e-01
4.507471621036529541e-01
4.152878820896148682e-01
3.142921030521392822e-01
3.418837785720825195e-01
4.087393879890441895e-01
2.615731060504913330e-01
1.764970421791076660e-01
2.069728374481201172e-01
2.844625711441040039e-01
3.245519995689392090e-01
2.575117349624633789e-01
1.901951432228088379e-01
3.195499777793884277e-01
1.414231359958648682e-01
1.904733628034591675e-01
1.725485622882843018e-01
1.215413510799407959e-01
1.360850483179092407e-01
8.231608569622039795e-02
2.769254744052886963e-01
2.750548124313354492e-01
2.114220708608627319e-01
2.764548063278198242e-01
4.199219942092895508e-01
3.677512407302856445e-01
1.089734584093093872e-01
1.400659531354904175e-01
1.044508665800094604e-01
1.869266927242279053e-01
1.559007614850997925e-01
1.678490787744522095e-01
1.188973188400268555e-01
6.810864061117172241e-02
1.726538538932800293e-01
1.389742791652679443e-01
1.312260925769805908e-01
1.587382853031158447e-01
1.459902524948120117e-01
1.173068732023239136e-01
1.100010350346565247e-01
2.339011430740356445e-01
2.761124633252620697e-02
8.026647567749023438e-02
1.705923378467559814e-01
2.457845211029052734e-01
7.009640336036682129e-02
1.851011216640472412e-01
7.340820878744125366e-02
2.067770659923553467e-01
1.487058848142623901e-01
1.297030970454216003e-02
1.413322687149047852e-01
6.255536526441574097e-02
2.428917959332466125e-02
9.131152927875518799e-02
4.599159955978393555e-02
3.017403930425643921e-02
1.416781395673751831e-01
9.489123523235321045e-02
8.541194349527359009e-02
1.362368315458297729e-01
2.079653739929199219e-01
1.629129052162170410e-01
1.697878390550613403e-01
3.481253087520599365e-01
5.288278311491012573e-02
1.545628011226654053e-01
7.541988790035247803e-02
5.033443123102188110e-02
5.367980152368545532e-02
7.524030655622482300e-02
1.185512542724609375e-01
1.433047652244567871e-01
1.867219358682632446e-01
9.215589612722396851e-02
2.016296535730361938e-01
5.969800800085067749e-02
9.656085819005966187e-02
7.137249410152435303e-02
1.002615541219711304e-01
1.406315118074417114e-01
1.826241314411163330e-01
7.183437049388885498e-02
2.367628365755081177e-02
4.941270872950553894e-02
4.253319650888442993e-02
1.177553683519363403e-01
2.571419477462768555e-01
6.374225020408630371e-02
1.730930209159851074e-01
5.941062234342098236e-03
1.415355652570724487e-01
1.054250448942184448e-02
1.657742075622081757e-02
1.234059929847717285e-01
2.016494423151016235e-02
