8.805108070373535156e-01
8.883149623870849609e-01
5.133053064346313477e-01
4.142691493034362793e-01
4.058860540390014648e-01
3.714843392372131348e-01
3.535128235816955566e-01
2.373322844505310059e-01
2.300769388675689697e-01
2.580054402351379395e-01
4.052924513816833496e-01
2.087810337543487549e-01
2.922801673412322998e-01
2.906198501586914062e-01
7.281722128391265869e-02
2.404293119907379150e-01
2.917583882808685303e-01
2.114526927471160889e-01
1.099541038274765015e-01
2.530242502689361572e-01
1.084477603435516357e-01
5.918846726417541504e-01
3.754170536994934082e-01
2.544697821140289307e-01
3.002701401710510254e-01
2.010113000869750977e-01
2.367942333221435547e-01
1.790716350078582764e-01
4.236330986022949219e-01
1.900511234998703003e-01
2.011622786521911621e-01
1.344889998435974121e-01
1.661119163036346436e-01
2.580766081809997559e-01
2.129074335098266602e-01
2.177040576934814453e-01
2.101757824420928955e-01
1.774613112211227417e-01
4.595610797405242920e-01
1.041606664657592773e-01
1.160541325807571411e-01
9.601326286792755127e-02
2.371002286672592163e-01
2.464866489171981812e-01
3.118950873613357544e-02
2.146509736776351929e-01
1.148497089743614197e-01
5.775765329599380493e-02
1.731611639261245728e-01
1.402419507503509521e-01
1.250923424959182739e-01
7.220678031444549561e-02
1.746366471052169800e-01
1.299466043710708618e-01
1.371320486068725586e-01
6.859637796878814697e-02
6.489093601703643799e-02
3.926874697208404541e-02
4.207480549812316895e-01
1.617103517055511475e-01
5.478410050272941589e-02
1.060456335544586182e-01
1.015809923410415649e-01
1.300084143877029419e-01
9.554520994424819946e-02
5.062158778309822083e-02
2.162396013736724854e-01
8.743693679571151733e-02
1.216669529676437378e-01
1.288336068391799927e-01
2.353886067867279053e-01
8.531904220581054688e-02
8.528143167495727539e-02
1.253109797835350037e-02
8.437614142894744873e-02
1.802950203418731689e-01
2.021945267915725708e-02
2.014524936676025391e-01
8.599714934825897217e-02
7.477872818708419800e-02
6.828279793262481689e-02
1.401658058166503906e-01
1.968120336532592773e-01
8.748327940702438354e-02
7.121376693248748779e-02
1.188678443431854248e-01
1.346802413463592529e-01
2.294764667749404907e-02
7.116565853357315063e-02
4.888647049665451050e-02
2.132802158594131470e-01
4.642008244991302490e-02
7.714872062206268311e-02
1.429103910923004150e-01
1.008083969354629517e-01
5.839500948786735535e-02
4.482973739504814148e-02
1.831650286912918091e-01
5.227077007293701172e-02
5.232564359903335571e-02
