1.260538816452026367e+00
1.050956726074218750e+00
8.634932041168212891e-01
7.117586135864257812e-01
5.113910436630249023e-01
4.042034745216369629e-01
3.821243643760681152e-01
2.777369916439056396e-01
8.556820452213287354e-02
1.873479932546615601e-01
2.166855335235595703e-01
3.234504461288452148e-01
2.538959980010986328e-01
2.704026103019714355e-01
2.302521765232086182e-01
1.775237321853637695e-01
1.419266611337661743e-01
1.151959896087646484e-01
2.723015546798706055e-01
2.917239665985107422e-01
1.907151937484741211e-01
3.416238129138946533e-01
1.184705123305320740e-01
1.790037900209426880e-01
3.535897731781005859e-01
3.897660374641418457e-01
2.768349945545196533e-01
2.013025283813476562e-01
1.003910526633262634e-01
3.888945877552032471e-01
9.605555981397628784e-02
1.189499199390411377e-01
1.622937619686126709e-01
7.444001734256744385e-02
2.786314487457275391e-01
7.566030323505401611e-02
2.505870759487152100e-01
1.124167889356613159e-01
7.535789906978607178e-02
6.154548376798629761e-02
8.473581075668334961e-02
1.832614243030548096e-01
1.897365450859069824e-01
1.516667157411575317e-01
8.438681811094284058e-02
1.386177539825439453e-01
4.994238540530204773e-02
1.398276984691619873e-01
8.814591169357299805e-02
7.529953122138977051e-02
8.762511610984802246e-02
3.257042467594146729e-01
5.194754153490066528e-02
1.011531949043273926e-01
8.324934542179107666e-02
7.237820327281951904e-02
9.909645467996597290e-02
3.607158735394477844e-02
1.504362076520919800e-01
3.306239247322082520e-01
9.818877279758453369e-02
4.141419827938079834e-01
1.120084002614021301e-01
1.038521379232406616e-01
2.216161340475082397e-01
2.903428375720977783e-01
1.086399108171463013e-01
3.150333464145660400e-02
1.249624937772750854e-01
1.845802962779998779e-01
7.462899386882781982e-02
1.768779456615447998e-01
5.028928071260452271e-02
6.824073195457458496e-02
3.039647452533245087e-02
1.815344393253326416e-01
2.835553139448165894e-02
1.544813811779022217e-01
1.198560371994972229e-01
1.417615711688995361e-01
1.122619882225990295e-01
1.909361481666564941e-01
2.082616388797760010e-01
4.936991631984710693e-02
1.860667578876018524e-02
7.592128217220306396e-02
2.230740338563919067e-01
5.534423142671585083e-02
4.773522168397903442e-02
1.262348890304565430e-01
1.797937303781509399e-01
6.666678190231323242e-02
4.673066735267639160e-02
1.500311046838760376e-01
1.227487549185752869e-01
5.457847937941551208e-02
1.166371926665306091e-01
2.135050855576992035e-02
3.794036060571670532e-02
1.385860443115234375e-01
