1.100172638893127441e+00
7.966043353080749512e-01
5.834606885910034180e-01
5.953034162521362305e-01
3.653101325035095215e-01
3.159444928169250488e-01
2.429877817630767822e-01
4.803375005722045898e-01
2.157102227210998535e-01
3.321615755558013916e-01
2.621515989303588867e-01
2.592971920967102051e-01
2.269812524318695068e-01
2.473417222499847412e-01
4.018315076828002930e-01
2.437564283609390259e-01
7.984831929206848145e-02
2.737812101840972900e-01
2.955942451953887939e-01
1.834959238767623901e-01
2.023014128208160400e-01
2.517172694206237793e-01
2.928589582443237305e-01
1.497531831264495850e-01
2.578621506690979004e-01
1.104213148355484009e-01
4.152301251888275146e-01
8.672719448804855347e-02
4.782537519931793213e-01
2.925380170345306396e-01
6.904466450214385986e-02
2.452914416790008545e-01
1.598451137542724609e-01
2.731848955154418945e-01
1.161276698112487793e-01
9.465727210044860840e-02
2.891878783702850342e-01
1.849268674850463867e-01
5.387000739574432373e-02
2.119816094636917114e-01
3.074038326740264893e-01
1.085914075374603271e-01
1.649633198976516724e-01
2.729771137237548828e-01
4.131412804126739502e-01
2.824139595031738281e-01
1.029819995164871216e-01
1.309978067874908447e-01
2.111293524503707886e-01
8.322085440158843994e-02
1.695792675018310547e-01
1.214323043823242188e-01
1.382171809673309326e-01
1.439640820026397705e-01
2.182855159044265747e-01
3.355758786201477051e-01
9.270823001861572266e-02
1.059283912181854248e-01
4.767553508281707764e-02
3.031043708324432373e-01
9.868975728750228882e-02
9.657275676727294922e-02
1.122078672051429749e-01
1.778068989515304565e-01
1.551806479692459106e-01
1.526480466127395630e-01
1.200411468744277954e-01
1.381067931652069092e-01
7.489037513732910156e-02
1.312819421291351318e-01
4.961758852005004883e-02
1.826238036155700684e-01
1.558477431535720825e-01
1.063527762889862061e-01
7.593376189470291138e-02
7.186662405729293823e-02
5.389551073312759399e-02
1.985081434249877930e-01
1.475471258163452148e-01
2.442322522401809692e-01
1.206671819090843201e-01
7.370789349079132080e-02
2.701342403888702393e-01
9.612342715263366699e-02
7.958670705556869507e-02
3.655912727117538452e-02
1.869587898254394531e-01
1.004066467285156250e-01
1.013242378830909729e-01
7.917124032974243164e-02
1.346452683210372925e-01
1.226408220827579498e-02
1.863137781620025635e-01
5.607003718614578247e-02
8.132475614547729492e-02
4.623675718903541565e-02
1.230267807841300964e-01
1.418397277593612671e-01
6.791658699512481689e-02
3.952928259968757629e-02
