9.180642366409301758e-01
6.632696390151977539e-01
7.404950857162475586e-01
4.756900668144226074e-01
2.952189445495605469e-01
2.854107022285461426e-01
4.656808972358703613e-01
2.450609356164932251e-01
3.151394128799438477e-01
2.780168056488037109e-01
2.529051005840301514e-01
3.776453435420989990e-01
3.165431618690490723e-01
6.889759302139282227e-01
2.637860476970672607e-01
1.135626435279846191e-01
1.759282052516937256e-01
2.804788947105407715e-01
2.036243677139282227e-01
1.456265002489089966e-01
1.173020526766777039e-01
1.351373195648193359e-01
3.525887429714202881e-01
1.479774862527847290e-01
1.621242463588714600e-01
1.388506740331649780e-01
1.983497142791748047e-01
4.676088690757751465e-02
1.464376151561737061e-01
1.149208098649978638e-01
2.050804942846298218e-01
3.097707331180572510e-01
1.834865957498550415e-01
1.415053606033325195e-01
1.721544563770294189e-01
1.292095482349395752e-01
1.060746386647224426e-01
2.265498936176300049e-01
2.906586043536663055e-02
2.156720459461212158e-01
1.126073747873306274e-01
1.956394910812377930e-01
1.869315356016159058e-01
1.963655799627304077e-01
1.334883868694305420e-01
1.018044054508209229e-01
1.389984488487243652e-01
9.729779511690139771e-02
5.113759264349937439e-02
5.015297979116439819e-02
9.425386786460876465e-02
4.871838912367820740e-02
1.795866787433624268e-01
9.413832449354231358e-04
9.013900160789489746e-02
1.610073149204254150e-01
8.606191724538803101e-02
8.416011929512023926e-02
1.504842340946197510e-01
3.043076395988464355e-02
5.873864144086837769e-02
1.505796313285827637e-01
1.050706803798675537e-01
1.469964087009429932e-01
8.088508993387222290e-02
6.597135215997695923e-02
3.877755627036094666e-02
2.105633728206157684e-02
2.403216622769832611e-02
2.427105233073234558e-02
3.704857826232910156e-02
1.851245202124118805e-02
7.811467349529266357e-02
8.716543018817901611e-02
6.415502727031707764e-02
4.874237626791000366e-02
9.991277009248733521e-02
9.318677335977554321e-02
5.875374004244804382e-02
4.728310927748680115e-02
1.878171861171722412e-01
2.652915194630622864e-02
1.783203780651092529e-01
3.627549856901168823e-02
1.556215882301330566e-01
4.130163416266441345e-02
5.073652416467666626e-02
1.494849100708961487e-02
1.204002089798450470e-02
3.762359172105789185e-02
4.444067925214767456e-02
1.837578415870666504e-01
4.328326880931854248e-02
9.397824853658676147e-02
3.794205188751220703e-02
5.186652019619941711e-02
1.880536600947380066e-02
2.937878668308258057e-02
2.182996831834316254e-02
7.227203249931335449e-02
