1.063623189926147461e+00
8.421982526779174805e-01
7.715761661529541016e-01
5.714502930641174316e-01
4.016174077987670898e-01
2.898751795291900635e-01
3.010219335556030273e-01
1.686538159847259521e-01
4.191113710403442383e-01
3.060122132301330566e-01
1.361446380615234375e-01
1.426183730363845825e-01
2.191036492586135864e-01
1.611431837081909180e-01
1.649261564016342163e-01
3.492623567581176758e-01
4.630819559097290039e-01
2.565740346908569336e-01
4.263470470905303955e-01
2.422208487987518311e-01
4.305420815944671631e-01
8.710207790136337280e-02
1.759661883115768433e-01
2.080505788326263428e-01
2.241958528757095337e-01
2.398713231086730957e-01
3.810800909996032715e-01
1.011167913675308228e-01
2.045421600341796875e-01
2.485716491937637329e-01
1.540987789630889893e-01
1.165129840373992920e-01
1.321651935577392578e-01
8.693091571331024170e-02
1.079160869121551514e-01
3.603703081607818604e-01
8.632960915565490723e-02
1.255673766136169434e-01
1.472875177860260010e-01
7.853908836841583252e-02
8.271092176437377930e-02
1.253178119659423828e-01
2.104827910661697388e-01
2.235820293426513672e-01
1.483598202466964722e-01
5.201990604400634766e-01
1.946936249732971191e-01
2.464068830013275146e-01
1.279115080833435059e-01
1.266873180866241455e-01
3.463885784149169922e-01
4.619493335485458374e-02
4.715898260474205017e-02
2.915976047515869141e-01
8.829057216644287109e-02
1.917711794376373291e-01
7.473761588335037231e-02
2.132458090782165527e-01
6.822664290666580200e-02
3.333563730120658875e-02
1.974280551075935364e-02
2.603310048580169678e-01
1.267993152141571045e-01
2.953844070434570312e-01
3.268403410911560059e-01
1.291319280862808228e-01
4.720494151115417480e-02
7.818489521741867065e-02
1.566917896270751953e-01
8.815139532089233398e-02
6.361046433448791504e-02
6.523488461971282959e-02
4.947229102253913879e-02
4.334417358040809631e-02
9.640742838382720947e-02
6.056645512580871582e-02
2.697454988956451416e-01
5.839356780052185059e-02
1.917620748281478882e-01
9.134247899055480957e-02
1.455954834818840027e-02
1.082686409354209900e-01
5.507104098796844482e-02
9.920351207256317139e-02
3.493783622980117798e-02
6.729971617460250854e-02
1.528905630111694336e-01
9.424030780792236328e-02
9.626089036464691162e-02
8.654955029487609863e-02
3.136096894741058350e-02
1.407563686370849609e-01
5.495040863752365112e-02
7.125589996576309204e-02
4.756082221865653992e-02
1.109071820974349976e-01
6.371034681797027588e-02
5.489874631166458130e-02
1.417845636606216431e-01
9.581567347049713135e-02
