4.949999999999999956e-01
5.474999999999999867e-01
6.166666666666666963e-01
7.774999999999999689e-01
8.349999999999999645e-01
8.508333333333333304e-01
8.533333333333333881e-01
8.625000000000000444e-01
8.658333333333333437e-01
8.708333333333333481e-01
8.691666666666666430e-01
8.558333333333333348e-01
8.699999999999999956e-01
8.449999999999999734e-01
8.441666666666666208e-01
8.675000000000000488e-01
8.649999999999999911e-01
8.725000000000000533e-01
8.616666666666666918e-01
8.733333333333332948e-01
8.791666666666666519e-01
8.691666666666666430e-01
8.766666666666667052e-01
8.774999999999999467e-01
8.824999999999999512e-01
8.750000000000000000e-01
8.850000000000000089e-01
8.783333333333332993e-01
8.908333333333333659e-01
8.850000000000000089e-01
8.924999999999999600e-01
8.816666666666667096e-01
8.783333333333332993e-01
8.933333333333333126e-01
8.725000000000000533e-01
9.008333333333333748e-01
8.858333333333333615e-01
8.974999999999999645e-01
9.041666666666666741e-01
8.774999999999999467e-01
9.041666666666666741e-01
9.008333333333333748e-01
9.008333333333333748e-01
8.966666666666666119e-01
8.733333333333332948e-01
9.100000000000000311e-01
9.041666666666666741e-01
9.074999999999999734e-01
8.991666666666666696e-01
9.024999999999999689e-01
9.091666666666666785e-01
9.016666666666666163e-01
9.008333333333333748e-01
9.116666666666666252e-01
9.100000000000000311e-01
9.024999999999999689e-01
9.074999999999999734e-01
9.041666666666666741e-01
9.124999999999999778e-01
8.774999999999999467e-01
9.091666666666666785e-01
8.958333333333333703e-01
9.091666666666666785e-01
9.050000000000000266e-01
9.116666666666666252e-01
8.958333333333333703e-01
8.766666666666667052e-01
9.008333333333333748e-01
9.091666666666666785e-01
9.083333333333333259e-01
9.133333333333333304e-01
9.116666666666666252e-01
9.100000000000000311e-01
9.066666666666666208e-01
9.041666666666666741e-01
9.041666666666666741e-01
9.091666666666666785e-01
9.083333333333333259e-01
9.100000000000000311e-01
8.966666666666666119e-01
9.091666666666666785e-01
9.091666666666666785e-01
9.183333333333333348e-01
9.133333333333333304e-01
9.058333333333333792e-01
9.083333333333333259e-01
9.108333333333333837e-01
9.066666666666666208e-01
9.091666666666666785e-01
9.083333333333333259e-01
9.116666666666666252e-01
9.083333333333333259e-01
9.166666666666666297e-01
9.100000000000000311e-01
9.058333333333333792e-01
9.108333333333333837e-01
9.133333333333333304e-01
9.074999999999999734e-01
9.158333333333333881e-01
8.541666666666666297e-01
