8.812136650085449219e-01
8.045381307601928711e-01
6.221719980239868164e-01
4.002501368522644043e-01
3.052684068679809570e-01
3.148809373378753662e-01
5.012556314468383789e-01
3.824070990085601807e-01
2.198313623666763306e-01
2.538810372352600098e-01
2.920733988285064697e-01
1.169722601771354675e-01
2.469986975193023682e-01
1.872456073760986328e-01
2.650033831596374512e-01
2.280541509389877319e-01
2.327800691127777100e-01
3.787811398506164551e-01
1.875123977661132812e-01
3.610335886478424072e-01
2.388231158256530762e-01
3.402259647846221924e-01
1.953978240489959717e-01
3.756594657897949219e-01
1.364296674728393555e-01
4.014636874198913574e-01
1.690188944339752197e-01
9.510482102632522583e-02
2.249417603015899658e-01
3.206294775009155273e-01
8.896233141422271729e-02
2.587395012378692627e-01
2.282851636409759521e-01
2.540716826915740967e-01
2.272997796535491943e-01
1.138063222169876099e-01
5.166105180978775024e-02
2.498561888933181763e-01
1.201390251517295837e-01
2.818842530250549316e-01
1.688861846923828125e-01
1.425782293081283569e-01
1.612871587276458740e-01
4.379254952073097229e-02
2.403824329376220703e-01
3.183674216270446777e-01
1.615336686372756958e-01
1.592085808515548706e-01
1.201100572943687439e-01
7.314465194940567017e-02
3.673546314239501953e-01
1.099837571382522583e-01
6.987721472978591919e-02
1.634377539157867432e-01
4.929522871971130371e-01
3.767807185649871826e-01
7.703748345375061035e-02
2.560461163520812988e-01
1.005224734544754028e-01
1.361944973468780518e-01
1.450360119342803955e-01
1.424411982297897339e-01
6.923612952232360840e-02
5.009912699460983276e-02
3.863534629344940186e-01
1.006379425525665283e-01
1.649355888366699219e-01
3.232121840119361877e-02
4.661057144403457642e-02
5.681754648685455322e-02
1.157257109880447388e-01
5.298803746700286865e-02
4.589346796274185181e-02
1.539999246597290039e-01
2.740529738366603851e-02
4.385222494602203369e-02
4.553489387035369873e-02
8.282167464494705200e-02
1.886869370937347412e-01
3.033291362226009369e-02
1.627564430236816406e-01
6.188910454511642456e-02
5.819698795676231384e-02
5.857386067509651184e-02
9.567008912563323975e-02
3.676051646471023560e-02
2.302698791027069092e-02
3.885022550821304321e-02
4.970746114850044250e-02
6.168214976787567139e-02
4.976664669811725616e-03
5.080062523484230042e-02
1.678659915924072266e-01
5.714048817753791809e-02
8.983369171619415283e-02
9.421353042125701904e-02
5.153681337833404541e-02
4.062830284237861633e-02
3.341500461101531982e-02
8.524224907159805298e-02
