1.083885908126831055e+00
1.043096303939819336e+00
9.645225405693054199e-01
8.742610216140747070e-01
8.002316951751708984e-01
8.943043947219848633e-01
8.685020208358764648e-01
9.280180931091308594e-01
6.134763956069946289e-01
1.511087119579315186e-01
2.973441481590270996e-01
3.508895635604858398e-01
1.969641745090484619e-01
1.734848618507385254e-01
1.213436573743820190e-01
2.000828385353088379e-01
1.331163942813873291e-01
1.500194221735000610e-01
2.074825465679168701e-01
4.455863237380981445e-01
3.040547966957092285e-01
1.691689640283584595e-01
1.472629010677337646e-01
1.911247074604034424e-01
2.416012585163116455e-01
2.995290160179138184e-01
4.007923603057861328e-01
2.101331949234008789e-01
1.622703373432159424e-01
3.000380992889404297e-01
1.163084730505943298e-01
1.872878968715667725e-01
4.094747826457023621e-02
7.491066306829452515e-02
2.125056236982345581e-01
5.085299909114837646e-02
3.742649555206298828e-01
6.438838690519332886e-02
1.697062142193317413e-02
5.250773951411247253e-02
1.823097765445709229e-01
2.971403002738952637e-01
8.307619020342826843e-03
5.080951452255249023e-01
2.411269396543502808e-02
1.690247952938079834e-01
2.450709044933319092e-01
1.673388481140136719e-01
5.068826302886009216e-02
1.532612647861242294e-02
2.418327517807483673e-02
5.722165107727050781e-03
2.082560025155544281e-02
1.935420781373977661e-01
7.335932459682226181e-03
5.227882065810263157e-04
6.649890542030334473e-02
2.862184494733810425e-02
1.728067547082901001e-01
2.055800706148147583e-02
3.851895034313201904e-02
8.369448781013488770e-02
1.395120867528021336e-03
1.290049254894256592e-01
7.746728509664535522e-02
1.130461692810058594e-01
1.194268390536308289e-01
1.581196114420890808e-02
1.651186943054199219e-01
2.004722133278846741e-03
1.006434019654989243e-02
4.859912674874067307e-03
4.905172437429428101e-02
1.052964664995670319e-02
1.889337785542011261e-03
1.572519242763519287e-01
2.318785898387432098e-02
9.155719727277755737e-02
2.663709223270416260e-01
1.144160330295562744e-02
9.517560829408466816e-04
1.118495594710111618e-02
5.780947394669055939e-03
8.221434545703232288e-04
3.025894751772284508e-03
4.049081471748650074e-04
4.108959983568638563e-04
1.922883093357086182e-04
4.575147177092730999e-04
4.549991572275757790e-04
3.456697450019419193e-04
2.490970073267817497e-04
8.739931945456191897e-05
1.419250565959373489e-05
2.005125716095790267e-04
1.034885790431872010e-04
5.526453969650901854e-05
4.670989437727257609e-05
1.351075334241613746e-04
9.025848703458905220e-05
