7.505792975425720215e-01
4.497940242290496826e-01
2.374842762947082520e-01
8.425962328910827637e-01
3.242869377136230469e-01
3.954018354415893555e-01
2.876768708229064941e-01
4.735319614410400391e-01
1.918648183345794678e-01
2.258382141590118408e-01
1.106086820363998413e-01
2.601583898067474365e-01
5.864827632904052734e-01
1.685486435890197754e-01
6.184609532356262207e-01
2.531581819057464600e-01
6.636654585599899292e-02
1.510276198387145996e-01
4.113434553146362305e-01
3.117203712463378906e-01
1.701608151197433472e-01
2.131656706333160400e-01
1.362296938896179199e-01
1.065292805433273315e-01
4.425193071365356445e-01
1.132852733135223389e-01
2.248370796442031860e-01
6.863434910774230957e-01
2.469695955514907837e-01
1.433605700731277466e-01
2.651999890804290771e-02
4.334117174148559570e-01
1.573926508426666260e-01
1.195164248347282410e-01
8.531023561954498291e-02
1.849784851074218750e-01
2.011182010173797607e-01
2.878120541572570801e-01
7.672676444053649902e-02
1.968570947647094727e-01
2.093702554702758789e-01
2.119952738285064697e-01
2.396373599767684937e-01
6.858452558517456055e-01
1.284830570220947266e-01
8.000796288251876831e-02
8.950391411781311035e-02
9.051497280597686768e-02
2.737394869327545166e-01
1.190615817904472351e-01
1.499425917863845825e-01
1.676582396030426025e-01
2.289195507764816284e-01
2.101230472326278687e-01
4.485809803009033203e-01
5.790884792804718018e-02
2.516487613320350647e-02
1.002175658941268921e-01
1.196872517466545105e-01
2.603053748607635498e-01
4.913490414619445801e-01
1.666604578495025635e-01
1.674929261207580566e-01
2.132862806320190430e-01
5.765511468052864075e-02
5.222875475883483887e-01
2.825044393539428711e-01
2.381666451692581177e-01
4.248137027025222778e-02
1.068456098437309265e-01
3.856515511870384216e-03
2.909468710422515869e-01
7.940982282161712646e-02
7.227061688899993896e-02
3.470800444483757019e-02
7.473135739564895630e-02
1.463644206523895264e-01
1.102098226547241211e-01
7.774046156555414200e-03
1.156083792448043823e-01
9.983628988265991211e-02
6.397182121872901917e-03
1.642207428812980652e-02
6.768459081649780273e-02
2.490709349513053894e-02
1.400082092732191086e-02
6.553843617439270020e-02
7.811630517244338989e-02
1.353416740894317627e-01
3.855533525347709656e-02
5.764072760939598083e-02
1.377761065959930420e-01
5.953105166554450989e-02
3.722302615642547607e-03
2.068869918584823608e-01
8.775094151496887207e-02
3.640501201152801514e-02
2.596430778503417969e-01
9.957103431224822998e-02
2.954017929732799530e-02
