5.000000000000000000e-01
7.408333333333333437e-01
8.283333333333333659e-01
8.491666666666666252e-01
8.558333333333333348e-01
8.691666666666666430e-01
8.508333333333333304e-01
8.483333333333333837e-01
8.325000000000000178e-01
8.750000000000000000e-01
8.800000000000000044e-01
8.716666666666667007e-01
8.541666666666666297e-01
8.733333333333332948e-01
8.750000000000000000e-01
8.058333333333332904e-01
8.958333333333333703e-01
8.916666666666667185e-01
8.858333333333333615e-01
8.733333333333332948e-01
8.908333333333333659e-01
8.950000000000000178e-01
8.766666666666667052e-01
8.800000000000000044e-01
8.874999999999999556e-01
8.983333333333333171e-01
9.083333333333333259e-01
8.966666666666666119e-01
8.824999999999999512e-01
8.983333333333333171e-01
8.966666666666666119e-01
8.874999999999999556e-01
8.950000000000000178e-01
9.158333333333333881e-01
9.024999999999999689e-01
9.083333333333333259e-01
9.158333333333333881e-01
9.008333333333333748e-01
9.016666666666666163e-01
9.083333333333333259e-01
9.024999999999999689e-01
9.116666666666666252e-01
8.966666666666666119e-01
9.116666666666666252e-01
8.941666666666666652e-01
8.891666666666666607e-01
9.100000000000000311e-01
8.941666666666666652e-01
9.266666666666666385e-01
9.166666666666666297e-01
9.033333333333333215e-01
9.241666666666666918e-01
8.941666666666666652e-01
9.000000000000000222e-01
9.083333333333333259e-01
9.191666666666666874e-01
9.208333333333332815e-01
9.024999999999999689e-01
9.174999999999999822e-01
9.233333333333333393e-01
9.283333333333333437e-01
9.200000000000000400e-01
9.216666666666666341e-01
9.100000000000000311e-01
9.224999999999999867e-01
9.283333333333333437e-01
9.300000000000000488e-01
9.274999999999999911e-01
8.958333333333333703e-01
9.266666666666666385e-01
9.258333333333332860e-01
9.291666666666666963e-01
9.158333333333333881e-01
9.341666666666667007e-01
9.283333333333333437e-01
9.391666666666667052e-01
9.408333333333332993e-01
9.375000000000000000e-01
9.324999999999999956e-01
9.191666666666666874e-01
9.141666666666666829e-01
9.058333333333333792e-01
9.308333333333332904e-01
9.399999999999999467e-01
9.416666666666666519e-01
9.399999999999999467e-01
9.366666666666666474e-01
9.441666666666667096e-01
9.425000000000000044e-01
9.433333333333333570e-01
9.441666666666667096e-01
9.425000000000000044e-01
9.416666666666666519e-01
9.433333333333333570e-01
9.408333333333332993e-01
9.425000000000000044e-01
9.425000000000000044e-01
9.433333333333333570e-01
9.425000000000000044e-01
9.433333333333333570e-01
