7.230790853500366211e-01
4.146898388862609863e-01
3.232291936874389648e-01
2.333248853683471680e-01
2.579042911529541016e-01
3.179301321506500244e-01
1.441445797681808472e-01
3.071565628051757812e-01
4.645045101642608643e-01
1.678139865398406982e-01
1.841608285903930664e-01
2.298305332660675049e-01
1.171481981873512268e-01
2.774963080883026123e-01
9.137588739395141602e-02
3.153476119041442871e-01
1.502163410186767578e-01
7.019226253032684326e-02
1.014559417963027954e-01
2.363497167825698853e-01
4.617692157626152039e-02
1.315583139657974243e-01
1.765172481536865234e-01
3.839095309376716614e-02
1.277352422475814819e-01
4.051620140671730042e-02
7.301811873912811279e-02
2.588670849800109863e-01
1.986324936151504517e-01
7.714306563138961792e-02
8.610221743583679199e-01
4.720586538314819336e-01
2.638628147542476654e-02
9.803223609924316406e-02
6.696268916130065918e-02
5.978449806571006775e-02
1.291270852088928223e-01
4.420258104801177979e-02
8.606217801570892334e-02
2.223530411720275879e-01
8.132401108741760254e-02
4.170520603656768799e-02
2.492360770702362061e-02
3.535927087068557739e-02
3.474689554423093796e-03
2.567859888076782227e-01
5.685850232839584351e-02
3.931132331490516663e-02
4.575831443071365356e-02
2.377977827563881874e-03
1.214667782187461853e-01
2.558082342147827148e-01
2.075145766139030457e-02
1.572633162140846252e-02
1.400138717144727707e-03
1.394203305244445801e-02
2.330061048269271851e-03
6.572794169187545776e-03
5.961670540273189545e-03
3.453498473390936852e-03
8.902518311515450478e-04
1.093257335014641285e-03
7.993821054697036743e-04
1.242570433532819152e-04
1.389534445479512215e-04
4.203126591164618731e-04
5.697338492609560490e-04
5.044352146796882153e-04
9.796798622119240463e-06
1.990899909287691116e-04
1.204287764267064631e-04
2.431550528854131699e-04
1.135263082687743008e-04
1.892680593300610781e-04
1.354155392618849874e-04
2.073878131341189146e-04
4.125301784370094538e-04
4.481209034565836191e-04
1.019734554574824870e-04
4.184537101536989212e-05
3.205894608981907368e-04
2.004393754759803414e-04
4.525734766502864659e-05
1.049065831466577947e-04
9.181474888464435935e-05
1.270299835596233606e-04
1.549965818412601948e-04
1.060268550645560026e-04
2.043859567493200302e-04
2.126840990968048573e-04
1.251607609447091818e-04
4.631446790881454945e-05
3.459487925283610821e-05
1.340411545243114233e-04
1.269931090064346790e-04
5.817989585921168327e-05
7.944542448967695236e-05
1.440897631255211309e-05
7.841220940463244915e-05
2.849573502317070961e-05
