9.148211479187011719e-01
8.715533614158630371e-01
1.120899081230163574e+00
3.208568096160888672e-01
2.522810697555541992e-01
1.168993413448333740e-01
5.531588792800903320e-01
1.524222940206527710e-01
9.553154557943344116e-02
1.532493978738784790e-01
3.380261957645416260e-01
2.756568193435668945e-01
1.681047081947326660e-01
2.586172223091125488e-01
2.832956612110137939e-01
5.435132384300231934e-01
3.241490945219993591e-02
2.385495603084564209e-01
1.470283716917037964e-01
2.123166620731353760e-01
6.778019666671752930e-02
2.980028986930847168e-01
1.390929520130157471e-01
3.160778284072875977e-01
3.440269231796264648e-01
1.765460669994354248e-01
4.394049048423767090e-01
1.604614257812500000e-01
3.843292593955993652e-01
2.190209031105041504e-01
2.528916597366333008e-01
4.057633280754089355e-01
3.372221589088439941e-01
3.940868973731994629e-01
5.817171186208724976e-02
1.654528379440307617e-01
1.678732335567474365e-01
2.071323804557323456e-02
9.574256092309951782e-02
1.865235269069671631e-01
2.382899522781372070e-01
1.766954362392425537e-01
1.142298877239227295e-01
1.471247375011444092e-01
1.702965945005416870e-01
6.358774006366729736e-02
1.967608034610748291e-01
4.309461265802383423e-02
9.933739900588989258e-02
4.847097024321556091e-02
8.030192553997039795e-02
8.227012306451797485e-02
1.810950040817260742e-01
1.032122224569320679e-01
2.207564562559127808e-02
4.199283719062805176e-01
2.638888545334339142e-02
1.512368321418762207e-01
3.900530934333801270e-01
3.162749409675598145e-01
1.165686100721359253e-01
3.199730515480041504e-01
2.934184391051530838e-03
2.982873702421784401e-03
1.068048626184463501e-01
9.186966717243194580e-02
1.586188673973083496e-01
1.672433465719223022e-01
1.900083720684051514e-01
1.013915240764617920e-01
5.345024913549423218e-02
7.013710588216781616e-02
5.100892856717109680e-02
1.788294315338134766e-01
4.846229683607816696e-03
1.042908653616905212e-01
1.063469201326370239e-01
4.798135161399841309e-02
2.000620588660240173e-03
5.154297221451997757e-03
4.079929087311029434e-03
1.434029266238212585e-02
5.930864438414573669e-02
6.695224344730377197e-02
1.126703843474388123e-01
3.000947833061218262e-01
1.016058847308158875e-01
5.879222881048917770e-03
2.379685640335083008e-02
7.938648574054241180e-03
5.525032058358192444e-03
4.354374832473695278e-04
1.652872115373611450e-01
2.733998298645019531e-01
1.364812999963760376e-02
1.358594596385955811e-01
3.659595176577568054e-02
1.965747326612472534e-01
6.775031797587871552e-03
4.368519876152276993e-03
