8.579991459846496582e-01
1.150684118270874023e+00
3.853104412555694580e-01
5.153666138648986816e-01
2.870817482471466064e-01
1.985843032598495483e-01
3.182186484336853027e-01
2.897691726684570312e-01
4.780683219432830811e-01
4.422802478075027466e-02
1.191845163702964783e-01
4.906317964196205139e-02
3.030324876308441162e-01
1.506005525588989258e-01
6.895533204078674316e-02
3.768376111984252930e-01
2.457254827022552490e-01
1.490118801593780518e-01
1.835546493530273438e-01
2.182711660861968994e-01
1.456106007099151611e-01
1.799967586994171143e-01
3.345279097557067871e-01
2.202294915914535522e-01
1.949435472488403320e-02
1.075917333364486694e-01
5.963279306888580322e-02
6.065445393323898315e-02
1.825644969940185547e-01
6.042490527033805847e-02
1.242408826947212219e-01
1.033165603876113892e-01
1.270310580730438232e-01
1.515033543109893799e-01
1.287934035062789917e-01
3.283569216728210449e-01
9.987956285476684570e-02
5.749306827783584595e-02
4.557037055492401123e-01
2.354275584220886230e-01
9.146258234977722168e-02
4.114007949829101562e-02
9.420425444841384888e-02
4.870283603668212891e-02
5.060875788331031799e-02
1.017453670501708984e-01
6.112466007471084595e-02
1.151175200939178467e-01
2.079732418060302734e-01
9.392821043729782104e-02
3.358082771301269531e-01
7.369828224182128906e-02
3.857360780239105225e-02
1.594962179660797119e-02
1.414682716131210327e-02
3.438651561737060547e-02
1.370258722454309464e-02
1.857839226722717285e-01
1.397309005260467529e-01
5.034073814749717712e-02
1.683712452650070190e-01
2.744829282164573669e-02
1.209560036659240723e-01
1.035836189985275269e-01
3.537740930914878845e-02
1.514629647135734558e-02
3.509771227836608887e-01
1.053431108593940735e-01
9.921149350702762604e-03
9.892271831631660461e-03
1.760037839412689209e-01
7.937005721032619476e-03
1.348119229078292847e-03
3.759391978383064270e-02
1.998293679207563400e-03
1.738267838954925537e-01
7.574377581477165222e-03
1.748642651364207268e-03
2.772504836320877075e-02
1.008702293038368225e-01
2.192496508359909058e-02
2.057437523035332561e-04
4.424357414245605469e-01
1.128158420324325562e-01
4.984741099178791046e-04
6.522173498524352908e-05
3.716391511261463165e-03
2.251282799988985062e-03
9.481964260339736938e-02
3.488891571760177612e-02
3.112727776169776917e-02
2.299294108524918556e-03
6.153047550469636917e-03
4.310853779315948486e-02
3.133007511496543884e-02
9.105731733143329620e-04
6.971884431550279260e-05
2.822034293785691261e-04
2.184255281463265419e-04
3.472749667707830667e-04
