6.515871286392211914e-01
4.628147482872009277e-01
4.241448640823364258e-01
4.558178782463073730e-01
2.752785682678222656e-01
2.396175414323806763e-01
3.109191060066223145e-01
2.013038992881774902e-01
2.253880202770233154e-01
1.527349501848220825e-01
3.638161346316337585e-02
2.370568811893463135e-01
2.220080792903900146e-01
1.374354362487792969e-01
1.367978900671005249e-01
1.329347789287567139e-01
2.002225071191787720e-02
3.192168176174163818e-01
1.708306968212127686e-01
5.975384637713432312e-02
6.110160425305366516e-02
3.870568275451660156e-01
5.289943888783454895e-02
1.388004571199417114e-01
1.902441382408142090e-01
8.400580286979675293e-02
7.047884166240692139e-02
1.401759963482618332e-02
4.895694926381111145e-02
2.920311316847801208e-02
8.718255907297134399e-02
2.080744057893753052e-01
2.669383026659488678e-02
7.313968613743782043e-03
1.775646060705184937e-01
7.087881676852703094e-04
6.378878653049468994e-02
8.134990185499191284e-02
2.333596348762512207e-02
4.661288484930992126e-02
9.541954100131988525e-02
4.859323501586914062e-01
9.366063028573989868e-02
1.556403003633022308e-02
4.715683460235595703e-01
1.986079961061477661e-01
1.649255305528640747e-02
4.644809961318969727e-01
1.343499496579170227e-02
6.086962297558784485e-03
9.501965716481208801e-03
8.699104934930801392e-02
9.534612298011779785e-02
2.133788168430328369e-01
8.722970634698867798e-02
8.247827738523483276e-02
4.794545471668243408e-02
1.415802724659442902e-02
6.851301342248916626e-02
7.895568758249282837e-02
2.427290659397840500e-03
3.358945250511169434e-04
3.461833298206329346e-02
1.137899700552225113e-03
1.806470798328518867e-03
1.332147605717182159e-02
3.180813044309616089e-02
5.318124964833259583e-02
7.648999243974685669e-02
3.713663667440414429e-02
1.652022008784115314e-03
1.177410501986742020e-02
1.005734410136938095e-02
3.347961697727441788e-03
5.140596069395542145e-03
4.540590569376945496e-02
3.287630379199981689e-01
6.600760854780673981e-03
4.661701619625091553e-03
9.790416806936264038e-03
3.950436657760292292e-04
1.949479570612311363e-03
2.234707586467266083e-03
3.599019721150398254e-02
5.238310433924198151e-03
3.662144066765904427e-03
2.416524104773998260e-03
9.313662303611636162e-05
2.138087600469589233e-01
2.729426622390747070e-01
2.680952250957489014e-01
1.477281190454959869e-02
6.482902914285659790e-03
1.779177784919738770e-02
1.061226357705891132e-03
2.928939182311296463e-03
2.350294089410454035e-04
3.351172199472784996e-04
3.512578041409142315e-05
6.511949322884902358e-05
