6.654325723648071289e-01
3.481389880180358887e-01
2.707443833351135254e-01
5.011851787567138672e-01
3.769104182720184326e-01
3.833043873310089111e-01
5.489994287490844727e-01
5.240221023559570312e-01
1.141040325164794922e-01
2.595606446266174316e-01
4.427761435508728027e-01
3.928427696228027344e-01
1.746642440557479858e-01
1.894483268260955811e-01
2.997481226921081543e-01
1.967219710350036621e-01
1.436427235603332520e-01
3.151941299438476562e-02
3.373180627822875977e-01
2.419331669807434082e-01
1.987098306417465210e-01
2.236275970935821533e-01
2.499531358480453491e-01
2.487434893846511841e-01
6.502017378807067871e-02
5.901887267827987671e-02
9.602758288383483887e-02
2.365323305130004883e-01
1.279430240392684937e-01
6.032807752490043640e-02
3.959004282951354980e-01
3.770865797996520996e-01
8.342917263507843018e-02
8.247467279434204102e-01
1.266417205333709717e-01
1.260872334241867065e-01
1.726594008505344391e-02
7.822264730930328369e-02
6.193941924721002579e-03
1.244482919573783875e-01
6.787568330764770508e-02
1.399922072887420654e-01
2.378686144948005676e-02
2.331481873989105225e-01
2.860171720385551453e-02
1.806480884552001953e-01
1.797400787472724915e-02
4.953930974006652832e-01
4.271001089364290237e-03
5.711276084184646606e-02
3.579843416810035706e-02
2.873019129037857056e-02
6.864942610263824463e-02
5.446780845522880554e-02
6.725684739649295807e-03
3.066356852650642395e-02
1.161849871277809143e-01
2.025760896503925323e-02
3.322590515017509460e-02
2.535964827984571457e-03
1.358895152807235718e-01
3.001210279762744904e-02
5.054646171629428864e-03
1.694312505424022675e-02
6.022036075592041016e-03
3.665257990360260010e-02
4.672818258404731750e-02
4.094521403312683105e-01
5.867485702037811279e-02
3.392382338643074036e-02
5.574980005621910095e-02
4.688639659434556961e-03
4.373104893602430820e-04
3.693510591983795166e-02
1.447373628616333008e-01
3.053823709487915039e-01
1.174461469054222107e-02
1.129574701189994812e-02
3.840718636638484895e-05
5.454180063679814339e-04
2.026983946561813354e-01
1.363511849194765091e-02
3.701583296060562134e-02
5.266186781227588654e-03
1.554512273287400603e-04
4.556977376341819763e-02
2.337376354262232780e-04
1.387897937092930079e-04
2.225061878561973572e-03
2.465512952767312527e-04
9.337298251921311021e-05
2.024691202677786350e-04
2.333180047571659088e-03
2.347609988646581769e-04
1.520885562058538198e-04
1.642393617657944560e-04
1.200003898702561855e-03
3.700367597048170865e-05
1.738859573379158974e-04
4.898683400824666023e-04
