9.745867252349853516e-01
8.187605738639831543e-01
1.447087973356246948e-01
4.112716317176818848e-01
3.343765735626220703e-01
2.865176200866699219e-01
3.347482085227966309e-01
1.453815996646881104e-01
1.907406449317932129e-01
3.721085190773010254e-01
5.217671990394592285e-01
7.678691297769546509e-02
3.731387257575988770e-01
2.523418068885803223e-01
3.324117064476013184e-01
3.281353712081909180e-01
2.777107059955596924e-01
2.206816822290420532e-01
2.654475271701812744e-01
3.479612469673156738e-01
1.096085831522941589e-01
1.560288220643997192e-01
1.193015277385711670e-01
2.350153177976608276e-01
2.715886831283569336e-01
2.270095944404602051e-01
2.981063723564147949e-01
1.992968022823333740e-01
1.205594241619110107e-01
1.543562263250350952e-01
1.534707844257354736e-01
7.327196747064590454e-02
1.661833673715591431e-01
5.006718635559082031e-01
1.241476461291313171e-02
5.880400910973548889e-02
3.238489627838134766e-01
1.128467395901679993e-01
2.277505248785018921e-01
2.960685193538665771e-01
1.482254862785339355e-01
4.048627912998199463e-01
2.245190739631652832e-01
3.735189884901046753e-02
2.089378684759140015e-01
5.610666796565055847e-02
8.651563525199890137e-02
2.361850440502166748e-01
2.357984185218811035e-01
1.875187754631042480e-01
1.714671403169631958e-01
2.361449748277664185e-01
4.226760193705558777e-02
1.373249590396881104e-01
8.152082562446594238e-02
4.159662872552871704e-02
1.542894355952739716e-02
1.312958747148513794e-01
1.932368725538253784e-01
2.391089946031570435e-01
1.623276174068450928e-01
2.669037878513336182e-01
8.910307660698890686e-03
1.599758863449096680e-01
2.995073422789573669e-02
5.781592801213264465e-02
4.957761615514755249e-02
1.038865447044372559e-01
1.806678026914596558e-01
2.697044052183628082e-02
2.032212913036346436e-02
2.493314146995544434e-01
4.487883448600769043e-01
2.489174902439117432e-02
4.126667976379394531e-01
7.124543190002441406e-03
2.967828139662742615e-02
1.059231534600257874e-01
3.078995347023010254e-01
3.179515302181243896e-01
1.783934235572814941e-01
4.635162353515625000e-01
3.381200879812240601e-02
1.278456449508666992e-01
5.220158956944942474e-03
9.822949068620800972e-04
5.293839611113071442e-03
1.315156742930412292e-02
5.994229391217231750e-02
1.936535164713859558e-02
1.937941415235400200e-03
2.908025169745087624e-03
3.414257988333702087e-02
1.434215577319264412e-03
1.257614977657794952e-02
1.751060783863067627e-02
1.570217125117778778e-02
3.423474431037902832e-01
2.030170410871505737e-01
5.920845083892345428e-03
