7.087627053260803223e-01
8.016058802604675293e-01
9.219448566436767578e-01
8.195127248764038086e-01
1.632302254438400269e-01
5.246858596801757812e-01
1.642421931028366089e-01
1.566789299249649048e-01
3.204146623611450195e-01
2.117033302783966064e-01
2.993304133415222168e-01
8.125543594360351562e-02
2.027931213378906250e-01
2.643023133277893066e-01
3.013268113136291504e-01
3.042802214622497559e-01
7.542140483856201172e-01
3.006127476692199707e-01
1.410887539386749268e-01
7.541186362504959106e-02
1.856678247451782227e+00
1.165438666939735413e-01
2.452217042446136475e-01
7.190430909395217896e-02
5.089269876480102539e-01
1.137374117970466614e-01
2.403036355972290039e-01
6.140231713652610779e-02
8.464966714382171631e-02
5.293819904327392578e-01
9.386231005191802979e-02
1.705855429172515869e-01
1.124037280678749084e-01
4.542863741517066956e-02
2.922741472721099854e-01
6.163999065756797791e-02
1.097571104764938354e-01
1.285675168037414551e-01
1.277045458555221558e-01
2.531419396400451660e-01
6.620644778013229370e-02
1.324426103383302689e-02
3.944880515336990356e-02
1.355078816413879395e-01
1.115781161934137344e-02
9.520385414361953735e-02
1.339696943759918213e-01
5.771752446889877319e-02
1.405704021453857422e-02
5.968149751424789429e-03
3.138599693775177002e-01
1.186026260256767273e-01
2.582612819969654083e-02
6.700647622346878052e-02
2.397206239402294159e-02
8.684942871332168579e-02
4.898812621831893921e-02
8.357562124729156494e-02
9.972703456878662109e-02
4.136450216174125671e-02
1.714879721403121948e-01
1.495896931737661362e-02
8.156423456966876984e-03
8.610402047634124756e-02
6.352494470775127411e-03
2.841411530971527100e-01
5.640100222080945969e-03
1.056689955294132233e-02
1.011822000145912170e-02
6.430689245462417603e-02
1.192555055022239685e-01
1.708483509719371796e-02
1.543713826686143875e-02
7.846568524837493896e-02
1.147684827446937561e-02
3.770366311073303223e-02
1.233680639415979385e-03
1.417760038748383522e-03
1.066157668828964233e-01
6.645044684410095215e-02
1.947782817296683788e-03
2.946258755400776863e-04
2.156073460355401039e-03
6.874871999025344849e-02
3.724363818764686584e-02
1.470855772495269775e-01
1.540315058082342148e-02
1.795774549245834351e-01
3.902872267644852400e-04
1.443013921380043030e-02
7.710703648626804352e-03
1.933321473188698292e-03
1.027569826692342758e-02
7.805620407452806830e-05
4.020212963223457336e-02
7.826894288882613182e-04
2.200072165578603745e-03
1.992739038541913033e-03
9.397600777447223663e-03
4.296224564313888550e-02
