2.805721759796142578e-01
3.780455589294433594e-01
1.213079914450645447e-01
1.873846948146820068e-01
8.027292490005493164e-01
3.015684187412261963e-01
3.682357072830200195e-01
3.579046726226806641e-01
8.196158707141876221e-02
3.029295206069946289e-01
1.641111075878143311e-01
1.274084448814392090e-01
1.772026717662811279e-01
3.246937096118927002e-01
6.749634444713592529e-02
1.468281745910644531e-01
2.903038859367370605e-01
1.065618619322776794e-01
3.086985647678375244e-02
2.655821144580841064e-01
8.216428570449352264e-03
2.064193785190582275e-01
9.878963232040405273e-02
7.522992789745330811e-02
3.903622329235076904e-01
1.023191958665847778e-01
3.015984594821929932e-01
5.344248563051223755e-02
1.880420595407485962e-01
1.649765670299530029e-01
1.959430277347564697e-01
2.088221013545989990e-01
8.318281173706054688e-02
4.000340700149536133e-01
3.704038262367248535e-01
1.340472400188446045e-01
1.061500459909439087e-01
1.192212700843811035e-01
3.209048882126808167e-02
1.692570000886917114e-02
1.694748550653457642e-01
9.061931818723678589e-02
5.750453472137451172e-02
2.757393121719360352e-01
2.367107942700386047e-02
8.613012433052062988e-01
4.245502129197120667e-02
2.268704771995544434e-01
5.310375988483428955e-02
3.185167908668518066e-02
2.696738205850124359e-02
1.785385310649871826e-01
2.757455781102180481e-02
2.138282172381877899e-02
7.708220742642879486e-03
5.194705445319414139e-03
2.290027774870395660e-02
1.200587372295558453e-03
1.590609252452850342e-01
7.465329021215438843e-02
1.371903158724308014e-02
4.664740711450576782e-02
4.308545589447021484e-02
5.697630345821380615e-02
2.220646291971206665e-02
1.449547614902257919e-02
8.351384662091732025e-03
4.790636245161294937e-03
1.037206500768661499e-02
2.932290360331535339e-02
1.940700411796569824e-01
1.038195937871932983e-01
1.212299894541501999e-02
6.903143366798758507e-04
1.570591703057289124e-02
1.850547641515731812e-02
2.986462228000164032e-02
2.381084021180868149e-03
1.436911989003419876e-03
6.236892659217119217e-05
1.044453978538513184e-01
8.543124794960021973e-02
2.258427254855632782e-02
6.928305607289075851e-03
2.009349502623081207e-02
1.977772684767842293e-03
2.165740879718214273e-04
1.800940372049808502e-03
3.863719466608017683e-04
2.150078216800466180e-05
3.188816435795160942e-06
1.121590379625558853e-03
3.509802045300602913e-04
9.826313471421599388e-04
2.567854244261980057e-05
3.506206267047673464e-04
3.730509779416024685e-04
2.452720364090055227e-04
1.404295653628651053e-05
1.753743854351341724e-04
