7.991666666666666918e-01
8.275000000000000133e-01
8.074999999999999956e-01
7.883333333333333304e-01
7.941666666666666874e-01
8.783333333333332993e-01
8.675000000000000488e-01
8.850000000000000089e-01
8.499999999999999778e-01
8.733333333333332948e-01
8.816666666666667096e-01
8.808333333333333570e-01
8.733333333333332948e-01
8.625000000000000444e-01
8.933333333333333126e-01
7.758333333333333748e-01
8.966666666666666119e-01
8.808333333333333570e-01
8.333333333333333703e-01
8.841666666666666563e-01
8.958333333333333703e-01
9.008333333333333748e-01
8.966666666666666119e-01
8.583333333333332815e-01
8.883333333333333082e-01
8.991666666666666696e-01
8.850000000000000089e-01
8.916666666666667185e-01
8.891666666666666607e-01
8.933333333333333126e-01
8.966666666666666119e-01
9.124999999999999778e-01
9.100000000000000311e-01
9.074999999999999734e-01
8.291666666666667185e-01
8.675000000000000488e-01
8.958333333333333703e-01
9.133333333333333304e-01
9.066666666666666208e-01
8.824999999999999512e-01
9.291666666666666963e-01
9.174999999999999822e-01
9.266666666666666385e-01
7.933333333333333348e-01
8.991666666666666696e-01
9.224999999999999867e-01
8.408333333333333215e-01
9.083333333333333259e-01
9.150000000000000355e-01
9.100000000000000311e-01
9.350000000000000533e-01
9.308333333333332904e-01
9.183333333333333348e-01
9.283333333333333437e-01
9.108333333333333837e-01
8.974999999999999645e-01
9.224999999999999867e-01
9.233333333333333393e-01
9.224999999999999867e-01
9.416666666666666519e-01
9.333333333333333481e-01
9.066666666666666208e-01
9.341666666666667007e-01
9.375000000000000000e-01
9.333333333333333481e-01
9.183333333333333348e-01
9.133333333333333304e-01
9.183333333333333348e-01
9.324999999999999956e-01
9.174999999999999822e-01
9.300000000000000488e-01
9.350000000000000533e-01
9.466666666666666563e-01
9.441666666666667096e-01
9.416666666666666519e-01
9.399999999999999467e-01
9.458333333333333037e-01
8.808333333333333570e-01
9.375000000000000000e-01
9.441666666666667096e-01
9.483333333333333615e-01
9.358333333333332948e-01
9.350000000000000533e-01
9.308333333333332904e-01
9.324999999999999956e-01
9.341666666666667007e-01
9.324999999999999956e-01
9.399999999999999467e-01
9.341666666666667007e-01
9.308333333333332904e-01
9.525000000000000133e-01
9.466666666666666563e-01
9.433333333333333570e-01
9.358333333333332948e-01
9.391666666666667052e-01
9.425000000000000044e-01
9.375000000000000000e-01
9.274999999999999911e-01
9.449999999999999512e-01
9.433333333333333570e-01
