6.273460984230041504e-01
7.522490024566650391e-01
8.535948395729064941e-01
5.292017459869384766e-01
1.755478382110595703e-01
2.929267883300781250e-01
3.069323301315307617e-01
1.130484044551849365e-01
1.621409058570861816e-01
1.635898202657699585e-01
1.638373434543609619e-01
2.109904885292053223e-01
6.447427272796630859e-01
1.593485772609710693e-01
2.186851799488067627e-01
5.643585324287414551e-02
5.483043789863586426e-01
3.548296988010406494e-01
2.308461517095565796e-01
3.198881149291992188e-01
3.290912806987762451e-01
5.733601003885269165e-02
3.557077050209045410e-01
2.670657634735107422e-01
5.339189618825912476e-02
1.490268260240554810e-01
2.582746148109436035e-01
2.030546069145202637e-01
1.880788505077362061e-01
6.322219222784042358e-02
1.375290453433990479e-01
1.766678541898727417e-01
8.435609936714172363e-02
1.710305660963058472e-01
9.762299805879592896e-02
8.779609948396682739e-02
3.391304612159729004e-02
7.397855520248413086e-01
8.191596716642379761e-02
1.457872986793518066e-01
6.735857576131820679e-02
6.153678148984909058e-02
1.855535805225372314e-01
2.088271379470825195e-01
4.191878810524940491e-02
2.187528163194656372e-01
3.234902769327163696e-02
4.577179253101348877e-02
1.160606592893600464e-01
8.083244413137435913e-02
2.818517386913299561e-01
1.073943674564361572e-01
3.403509780764579773e-02
3.391566872596740723e-01
8.639832586050033569e-02
1.736663728952407837e-01
6.806906312704086304e-02
3.945967555046081543e-02
1.070959568023681641e-01
2.101736515760421753e-02
1.036816649138927460e-02
1.930746063590049744e-02
1.760726049542427063e-02
2.404319047927856445e-01
1.424575783312320709e-02
9.391374140977859497e-02
2.346874326467514038e-01
1.836845837533473969e-02
6.238707527518272400e-02
2.561897970736026764e-02
5.314819142222404480e-02
1.908027380704879761e-02
6.177952513098716736e-03
4.048067145049571991e-03
3.660487011075019836e-02
1.978246495127677917e-03
3.474458456039428711e-01
1.310422737151384354e-02
1.829515695571899414e-01
6.280243396759033203e-01
5.832617636770009995e-03
1.337772011756896973e-01
2.601515501737594604e-02
1.563930213451385498e-01
2.104949206113815308e-01
4.237870872020721436e-02
7.676620036363601685e-02
5.696731805801391602e-01
4.523161053657531738e-01
1.434182226657867432e-01
4.935995489358901978e-02
2.547478070482611656e-03
6.780215539038181305e-03
3.481960855424404144e-03
4.410829395055770874e-03
3.759232582524418831e-03
2.277910825796425343e-04
6.322607805486768484e-05
4.729854408651590347e-04
7.634481880813837051e-04
