8.469936847686767578e-01
4.074851274490356445e-01
1.738196313381195068e-01
1.763036847114562988e-01
5.337733626365661621e-01
1.764871776103973389e-01
6.919108629226684570e-01
3.085586428642272949e-01
4.099051654338836670e-01
3.379400968551635742e-01
1.844011098146438599e-01
4.511249661445617676e-01
5.850180387496948242e-01
1.246388703584671021e-01
1.898042857646942139e-01
1.496803611516952515e-01
1.116625964641571045e-01
2.416040599346160889e-01
4.676373675465583801e-02
3.747723624110221863e-02
3.537185490131378174e-02
1.283929347991943359e-01
6.120435893535614014e-02
1.418369412422180176e-01
1.971387118101119995e-01
3.141197562217712402e-02
1.071893423795700073e-01
2.299675717949867249e-02
2.065360397100448608e-01
1.075281947851181030e-01
7.106986641883850098e-02
3.598898053169250488e-01
2.903826832771301270e-01
8.571982383728027344e-02
2.202306315302848816e-02
6.199489533901214600e-02
4.305291548371315002e-02
2.070590704679489136e-01
3.808947503566741943e-01
2.054024487733840942e-02
6.110197678208351135e-02
4.934056103229522705e-02
5.625378107652068138e-04
2.385396361351013184e-01
2.012696117162704468e-02
1.083888486027717590e-01
2.533946419134736061e-03
2.513834238052368164e-01
7.247621659189462662e-03
7.533769309520721436e-02
4.495658911764621735e-03
2.689701877534389496e-02
2.229028940200805664e-01
1.371204759925603867e-02
1.862244680523872375e-02
1.278097555041313171e-02
2.014178596436977386e-02
2.009785324335098267e-01
2.209907397627830505e-02
7.766020298004150391e-02
3.637141734361648560e-02
1.327010542154312134e-01
2.742082625627517700e-02
1.182537380373105407e-04
3.084846399724483490e-02
5.109902024269104004e-01
1.162343025207519531e-01
1.537974365055561066e-02
5.620385520160198212e-03
1.254669018089771271e-02
6.603162619285285473e-04
8.943492546677589417e-03
1.479431614279747009e-02
2.099671866744756699e-03
2.349259593756869435e-04
3.235921636223793030e-02
1.742827892303466797e-02
3.745448775589466095e-04
4.608031362295150757e-03
1.378221641061827540e-04
2.696884609758853912e-02
2.069717831909656525e-02
7.449136115610599518e-03
3.753240162041038275e-04
4.485765472054481506e-03
1.684140879660844803e-03
2.214490523329004645e-04
5.057128146290779114e-03
1.400778740644454956e-01
3.667928650975227356e-02
2.821176021825522184e-04
1.026487298076972365e-04
8.795575238764286041e-03
3.190800634911283851e-05
2.590446383692324162e-04
3.993256541434675455e-05
4.211813502479344606e-04
2.473150379955768585e-04
1.981704263016581535e-04
9.584704821463674307e-05
