6.542493700981140137e-01
8.549220561981201172e-01
5.868266820907592773e-01
2.715347707271575928e-01
5.787398815155029297e-01
2.692777812480926514e-01
4.989722967147827148e-01
2.020086050033569336e-01
1.969903558492660522e-01
2.933831810951232910e-01
4.367671012878417969e-01
2.057620584964752197e-01
3.748688101768493652e-01
2.006462514400482178e-01
6.436131894588470459e-02
3.629670143127441406e-01
1.844390034675598145e-01
9.045058488845825195e-01
2.361582517623901367e-01
1.249919086694717407e-01
1.186081022024154663e-01
3.797829151153564453e-01
9.191085398197174072e-02
2.358957231044769287e-01
2.117876410484313965e-01
2.625200748443603516e-01
2.226531505584716797e-01
3.259336948394775391e-01
1.849777624011039734e-02
1.154622137546539307e-01
2.335012704133987427e-01
1.023173928260803223e-01
2.719112932682037354e-01
1.315642148256301880e-01
1.663694530725479126e-01
1.245726495981216431e-01
2.370815724134445190e-01
2.827041745185852051e-01
3.212935030460357666e-01
1.127737909555435181e-01
1.885202974081039429e-01
1.862935125827789307e-01
1.160191372036933899e-01
1.688236594200134277e-01
3.157255053520202637e-01
1.802263036370277405e-02
1.122593134641647339e-01
8.218519389629364014e-02
3.130665123462677002e-01
7.207580655813217163e-02
1.993818394839763641e-02
4.265885800123214722e-02
1.479216106235980988e-02
6.298869252204895020e-01
1.752825081348419189e-02
1.979137361049652100e-01
2.705048024654388428e-02
9.851574897766113281e-02
4.712286219000816345e-02
2.200493216514587402e-02
3.416383266448974609e-02
2.053555659949779510e-02
7.706985622644424438e-02
4.230839386582374573e-02
1.069688573479652405e-01
1.421676874160766602e-01
1.485945880413055420e-01
1.412769705057144165e-01
2.617835998535156250e-02
2.523718634620308876e-03
2.009102143347263336e-03
3.683798760175704956e-02
4.238029476255178452e-03
7.636767812073230743e-03
2.076645195484161377e-02
5.394257022999227047e-04
1.328037027269601822e-02
1.640691906213760376e-01
7.787631824612617493e-03
1.261307299137115479e-01
2.201467566192150116e-02
1.023636199533939362e-03
2.181425876915454865e-02
2.613594941794872284e-02
1.938477344810962677e-02
5.038465932011604309e-02
4.909358546137809753e-02
1.381210400722920895e-03
1.148064155131578445e-02
3.967437520623207092e-02
1.292298361659049988e-02
7.340704323723912239e-04
1.649671699851751328e-03
2.252428233623504639e-02
2.726905047893524170e-02
4.477213602513074875e-03
2.294950420036911964e-03
1.893402636051177979e-02
7.549332082271575928e-02
1.534774346509948373e-04
