5.781832933425903320e-01
6.295206546783447266e-01
3.271977305412292480e-01
6.003811359405517578e-01
2.990034818649291992e-01
3.248023986816406250e-01
3.334644138813018799e-01
3.118403851985931396e-01
2.163008302450180054e-01
2.900951504707336426e-01
2.402041703462600708e-01
4.054149091243743896e-01
4.502234756946563721e-01
2.340554744005203247e-01
1.084423512220382690e-01
3.719953894615173340e-01
2.960087060928344727e-01
3.552131652832031250e-01
1.228613108396530151e-01
4.434089362621307373e-01
1.854892969131469727e-01
3.053388297557830811e-01
1.389491260051727295e-01
1.591906845569610596e-01
2.284384220838546753e-01
2.001679837703704834e-01
5.109387636184692383e-02
6.958968937397003174e-02
1.434960663318634033e-01
3.661113977432250977e-02
3.997684642672538757e-02
1.494339294731616974e-02
6.417752802371978760e-02
2.460216730833053589e-01
1.877373084425926208e-02
7.395923137664794922e-02
1.240563988685607910e-01
7.656111381947994232e-03
9.681360796093940735e-03
1.205915436148643494e-01
5.304796621203422546e-02
6.047015637159347534e-02
1.406367570161819458e-01
4.509514942765235901e-02
6.433278322219848633e-03
5.176396667957305908e-02
6.694666296243667603e-02
1.503592133522033691e-01
3.630119934678077698e-02
7.105345372110605240e-03
3.668500855565071106e-02
5.953011661767959595e-02
2.649838626384735107e-01
5.163200572133064270e-02
2.495745196938514709e-02
4.600302502512931824e-02
1.535672843456268311e-01
2.975142598152160645e-01
1.885131001472473145e-02
5.036976933479309082e-01
2.360725030303001404e-02
6.307893991470336914e-02
1.285459939390420914e-02
3.256446868181228638e-02
5.594205111265182495e-03
9.468649514019489288e-03
1.321111470460891724e-01
5.715030711144208908e-03
1.841115020215511322e-02
1.973552443087100983e-02
4.585041664540767670e-03
1.731554046273231506e-02
3.102374821901321411e-02
2.890289761126041412e-03
3.143217787146568298e-02
2.863189671188592911e-03
6.731895729899406433e-03
3.807213157415390015e-02
4.998501855880022049e-03
1.771889813244342804e-02
1.135028782300651073e-03
7.622485049068927765e-03
3.353378176689147949e-02
6.474731024354696274e-03
1.305616926401853561e-03
3.742574453353881836e-01
2.203068695962429047e-03
6.678250432014465332e-02
1.362156271934509277e-01
1.322993729263544083e-02
9.518722072243690491e-03
2.004680223762989044e-02
6.182068958878517151e-02
4.945315420627593994e-03
7.875119335949420929e-03
3.466325870249420404e-04
6.447948981076478958e-04
3.003809542860835791e-04
3.929553204216063023e-04
7.268581539392471313e-04
