8.058333333333332904e-01
7.700000000000000178e-01
7.974999999999999867e-01
8.325000000000000178e-01
8.583333333333332815e-01
8.449999999999999734e-01
7.991666666666666918e-01
8.525000000000000355e-01
8.358333333333333171e-01
8.633333333333332860e-01
8.416666666666666741e-01
8.216666666666666563e-01
8.475000000000000311e-01
8.716666666666667007e-01
8.583333333333332815e-01
8.841666666666666563e-01
8.741666666666666474e-01
8.349999999999999645e-01
8.858333333333333615e-01
8.933333333333333126e-01
8.641666666666666385e-01
9.016666666666666163e-01
8.691666666666666430e-01
9.100000000000000311e-01
9.158333333333333881e-01
8.599999999999999867e-01
9.016666666666666163e-01
9.300000000000000488e-01
9.324999999999999956e-01
9.358333333333332948e-01
9.266666666666666385e-01
9.333333333333333481e-01
9.116666666666666252e-01
9.058333333333333792e-01
8.649999999999999911e-01
9.283333333333333437e-01
9.050000000000000266e-01
9.274999999999999911e-01
8.974999999999999645e-01
9.358333333333332948e-01
9.300000000000000488e-01
9.041666666666666741e-01
9.091666666666666785e-01
9.399999999999999467e-01
9.375000000000000000e-01
9.375000000000000000e-01
9.491666666666667140e-01
8.966666666666666119e-01
9.449999999999999512e-01
9.533333333333333659e-01
9.425000000000000044e-01
9.341666666666667007e-01
9.433333333333333570e-01
9.408333333333332993e-01
9.516666666666666607e-01
9.449999999999999512e-01
9.316666666666666430e-01
9.283333333333333437e-01
9.250000000000000444e-01
8.800000000000000044e-01
9.466666666666666563e-01
9.283333333333333437e-01
9.350000000000000533e-01
9.399999999999999467e-01
9.516666666666666607e-01
9.108333333333333837e-01
9.308333333333332904e-01
9.499999999999999556e-01
9.358333333333332948e-01
9.575000000000000178e-01
9.475000000000000089e-01
9.583333333333333703e-01
9.383333333333333526e-01
9.449999999999999512e-01
9.441666666666667096e-01
9.425000000000000044e-01
9.241666666666666918e-01
9.575000000000000178e-01
9.441666666666667096e-01
9.549999999999999600e-01
9.124999999999999778e-01
9.391666666666667052e-01
9.124999999999999778e-01
9.416666666666666519e-01
9.441666666666667096e-01
9.133333333333333304e-01
9.174999999999999822e-01
9.433333333333333570e-01
9.499999999999999556e-01
9.575000000000000178e-01
9.483333333333333615e-01
9.599999999999999645e-01
9.416666666666666519e-01
9.383333333333333526e-01
9.508333333333333082e-01
9.016666666666666163e-01
9.599999999999999645e-01
9.549999999999999600e-01
9.508333333333333082e-01
9.441666666666667096e-01
