4.612748026847839355e-01
2.381848692893981934e-01
3.027272224426269531e-01
4.584585726261138916e-01
3.851243853569030762e-01
1.350323408842086792e-01
4.499336779117584229e-01
1.639065146446228027e-01
5.973967313766479492e-01
1.406078189611434937e-01
2.130416780710220337e-01
2.487487494945526123e-01
1.778384298086166382e-01
3.230393826961517334e-01
1.581971943378448486e-01
2.949431538581848145e-01
1.969667971134185791e-01
2.705377042293548584e-01
3.003034591674804688e-01
8.246731758117675781e-02
8.287657052278518677e-02
6.983919441699981689e-02
4.230351150035858154e-01
7.778987288475036621e-02
5.341696739196777344e-01
1.665339022874832153e-01
1.192061081528663635e-01
8.958812803030014038e-02
9.934781491756439209e-02
8.798108994960784912e-02
1.130482554435729980e-01
6.141380965709686279e-02
2.469523549079895020e-01
4.932896420359611511e-02
5.806868076324462891e-01
1.298837363719940186e-01
6.278595328330993652e-02
8.675673604011535645e-02
6.960812211036682129e-02
1.395658254623413086e-01
1.233428567647933960e-01
1.735965013504028320e-01
2.853599786758422852e-01
7.964161634445190430e-01
2.874769084155559540e-02
5.677031725645065308e-02
3.151158094406127930e-01
5.349404364824295044e-02
5.601648613810539246e-02
1.015164405107498169e-01
6.016295030713081360e-02
8.867356926202774048e-02
2.383388280868530273e-01
1.458695856854319572e-03
5.021281540393829346e-03
7.229626923799514771e-02
5.114471167325973511e-02
1.755124926567077637e-01
2.128737866878509521e-01
1.349196676164865494e-02
5.860023945569992065e-02
1.588260680437088013e-01
4.506257921457290649e-02
5.908596888184547424e-02
9.321929514408111572e-02
3.936806321144104004e-02
6.382328271865844727e-02
6.195192784070968628e-02
9.192179143428802490e-02
2.424836158752441406e-02
3.499748185276985168e-02
3.245236584916710854e-03
3.189720446243882179e-03
6.242038216441869736e-03
2.023224253207445145e-03
6.556806154549121857e-03
2.802706882357597351e-02
5.436212755739688873e-03
2.052164375782012939e-01
3.525019623339176178e-03
8.196432143449783325e-03
1.558838337659835815e-01
1.332577224820852280e-02
1.506544090807437897e-02
4.834955930709838867e-02
1.141309812664985657e-01
8.917097747325897217e-02
3.605505917221307755e-03
3.293203562498092651e-02
7.372295483946800232e-03
1.553966999053955078e-01
3.963599447160959244e-03
8.380848448723554611e-04
3.554310500621795654e-01
3.201233968138694763e-02
4.733228310942649841e-02
2.367394976317882538e-02
2.263343632221221924e-01
9.416769444942474365e-02
1.498294621706008911e-01
