5.041666666666666519e-01
5.250000000000000222e-01
5.041666666666666519e-01
5.450000000000000400e-01
5.541666666666666963e-01
5.024999999999999467e-01
5.691666666666667096e-01
5.933333333333333792e-01
6.374999999999999556e-01
7.766666666666666163e-01
8.416666666666666741e-01
8.399999999999999689e-01
8.425000000000000266e-01
8.633333333333332860e-01
8.333333333333333703e-01
8.108333333333332948e-01
8.658333333333333437e-01
8.333333333333333703e-01
8.149999999999999467e-01
8.533333333333333881e-01
8.791666666666666519e-01
8.583333333333332815e-01
8.575000000000000400e-01
8.649999999999999911e-01
8.633333333333332860e-01
8.441666666666666208e-01
8.266666666666666607e-01
8.783333333333332993e-01
8.833333333333333037e-01
8.725000000000000533e-01
8.916666666666667185e-01
8.991666666666666696e-01
7.541666666666666519e-01
9.166666666666666297e-01
9.074999999999999734e-01
8.716666666666667007e-01
9.233333333333333393e-01
9.041666666666666741e-01
8.924999999999999600e-01
9.250000000000000444e-01
9.224999999999999867e-01
9.116666666666666252e-01
8.933333333333333126e-01
9.083333333333333259e-01
9.308333333333332904e-01
9.258333333333332860e-01
9.083333333333333259e-01
8.983333333333333171e-01
9.416666666666666519e-01
9.250000000000000444e-01
9.083333333333333259e-01
9.233333333333333393e-01
9.241666666666666918e-01
9.341666666666667007e-01
9.283333333333333437e-01
9.399999999999999467e-01
9.274999999999999911e-01
9.308333333333332904e-01
9.158333333333333881e-01
9.150000000000000355e-01
9.100000000000000311e-01
9.350000000000000533e-01
9.283333333333333437e-01
9.350000000000000533e-01
9.291666666666666963e-01
9.141666666666666829e-01
9.250000000000000444e-01
9.133333333333333304e-01
9.158333333333333881e-01
9.375000000000000000e-01
9.224999999999999867e-01
9.141666666666666829e-01
9.383333333333333526e-01
9.391666666666667052e-01
9.258333333333332860e-01
9.291666666666666963e-01
8.525000000000000355e-01
9.258333333333332860e-01
9.350000000000000533e-01
9.408333333333332993e-01
9.366666666666666474e-01
9.383333333333333526e-01
9.391666666666667052e-01
9.408333333333332993e-01
9.416666666666666519e-01
9.425000000000000044e-01
9.433333333333333570e-01
9.425000000000000044e-01
9.425000000000000044e-01
9.441666666666667096e-01
9.433333333333333570e-01
9.425000000000000044e-01
9.425000000000000044e-01
9.433333333333333570e-01
9.441666666666667096e-01
9.433333333333333570e-01
9.416666666666666519e-01
9.441666666666667096e-01
9.441666666666667096e-01
9.449999999999999512e-01
