3.725908994674682617e-01
2.898513674736022949e-01
2.711316943168640137e-01
3.004808723926544189e-01
3.137095570564270020e-01
2.547702789306640625e-01
1.959267258644104004e-01
1.861231923103332520e-01
3.557988107204437256e-01
4.164707064628601074e-01
2.054919481277465820e+00
5.199788212776184082e-01
2.624577879905700684e-01
1.309651285409927368e-01
1.830580532550811768e-01
6.240362301468849182e-02
2.913602590560913086e-01
1.545012295246124268e-01
7.091260552406311035e-01
1.165414974093437195e-01
1.970975399017333984e-01
5.156233161687850952e-02
3.961925506591796875e-01
1.702101826667785645e-01
1.083635464310646057e-01
2.720762491226196289e-01
1.816131025552749634e-01
5.495233535766601562e-01
1.000440046191215515e-01
1.865885853767395020e-01
2.305626571178436279e-01
1.483390629291534424e-01
5.092678070068359375e-01
9.602354466915130615e-02
2.352406233549118042e-01
4.655874669551849365e-01
1.028347238898277283e-01
4.676711559295654297e-01
1.975737810134887695e-01
4.716181755065917969e-02
1.085735261440277100e-01
1.523270905017852783e-01
5.562592744827270508e-01
4.630010947585105896e-02
2.970623373985290527e-01
2.971388697624206543e-01
4.206515848636627197e-01
1.674332022666931152e-01
1.833219081163406372e-01
1.387586295604705811e-01
7.839000783860683441e-03
1.841279119253158569e-01
1.838260442018508911e-01
1.148614101111888885e-02
2.690803632140159607e-02
2.316833660006523132e-02
7.902584969997406006e-02
3.562003374099731445e-02
9.268444962799549103e-03
1.611481606960296631e-02
4.215279221534729004e-02
7.693482935428619385e-02
1.964275389909744263e-01
1.386820338666439056e-02
2.613165378570556641e-01
9.927462041378021240e-02
8.586839586496353149e-02
5.581866577267646790e-02
2.317885309457778931e-02
7.381212711334228516e-02
2.845965027809143066e-01
6.522312015295028687e-02
2.772039733827114105e-02
2.622404322028160095e-02
3.989143762737512589e-03
1.804961264133453369e-02
4.404211789369583130e-02
5.669764876365661621e-01
4.053185135126113892e-02
4.543025861494243145e-04
4.241005808580666780e-04
1.987726986408233643e-02
3.471462801098823547e-02
1.954847946763038635e-02
5.199903898756019771e-05
1.055599674582481384e-01
2.176566794514656067e-02
7.025672122836112976e-03
2.789463661611080170e-02
1.203542761504650116e-02
2.360040525672957301e-04
1.029242668300867081e-02
2.093439735472202301e-02
6.340288370847702026e-02
5.781121086329221725e-03
2.575375256128609180e-04
1.842477824538946152e-03
7.003589416854083538e-04
5.126305622979998589e-04
5.663901683874428272e-04
