1.029117107391357422e+00
5.892900824546813965e-01
3.830624818801879883e-01
1.612966656684875488e-01
2.351908236742019653e-01
2.412255555391311646e-01
5.571510195732116699e-01
3.091312050819396973e-01
1.138893067836761475e-01
3.156381845474243164e-01
2.247167825698852539e-01
3.073907792568206787e-01
5.946861505508422852e-01
1.594252288341522217e-01
1.911287754774093628e-01
1.742601990699768066e-01
1.435291171073913574e-01
1.530966311693191528e-01
9.067372977733612061e-02
2.319654822349548340e-01
1.231413930654525757e-01
1.990703344345092773e-01
1.265917569398880005e-01
2.871325016021728516e-01
6.219810247421264648e-02
1.855542808771133423e-01
6.900628656148910522e-02
6.757868826389312744e-02
2.897478342056274414e-01
3.737867176532745361e-01
2.019824385643005371e-01
2.370589673519134521e-01
2.666872143745422363e-01
9.222305566072463989e-02
2.209703922271728516e-01
8.921620249748229980e-02
1.988764666020870209e-02
1.490282565355300903e-01
3.775900602340698242e-02
1.668291091918945312e-01
1.248610857874155045e-02
8.748036623001098633e-02
5.113968253135681152e-01
2.133330702781677246e-02
7.764168828725814819e-02
1.900042295455932617e-01
1.176572069525718689e-01
1.075803786516189575e-01
2.961841225624084473e-01
1.162606328725814819e-01
3.693589940667152405e-02
1.184812039136886597e-01
2.571830451488494873e-01
5.522073060274124146e-02
2.312347292900085449e-01
9.016272425651550293e-02
1.364748626947402954e-01
2.040646411478519440e-02
1.149875670671463013e-02
1.589480787515640259e-01
1.685922965407371521e-02
5.720396712422370911e-02
4.087082296609878540e-02
3.880055844783782959e-01
3.050414025783538818e-01
3.492457326501607895e-03
1.350677385926246643e-02
5.111233796924352646e-03
3.215015400201082230e-03
5.877352505922317505e-02
2.320369938388466835e-03
3.186959074810147285e-03
3.417253901716321707e-05
1.077914237976074219e-02
8.438348770141601562e-03
1.316953301429748535e-01
3.444785624742507935e-02
1.299123466014862061e-01
7.762556523084640503e-02
1.447559427469968796e-02
5.561486631631851196e-02
2.971859462559223175e-02
2.807022444903850555e-02
4.349965602159500122e-03
6.709642708301544189e-02
1.147183179855346680e-01
8.499674499034881592e-02
2.641995670273900032e-04
1.508205197751522064e-03
5.346836522221565247e-03
1.906526449602097273e-05
3.952289989683777094e-04
2.594594843685626984e-03
1.066450867801904678e-02
1.633876375854015350e-02
6.465828046202659607e-03
3.192754229530692101e-04
3.850924549624323845e-04
2.089687186526134610e-04
1.867842365754768252e-04
