4.594264626502990723e-01
6.197181940078735352e-01
6.641318798065185547e-01
3.113720417022705078e-01
1.724904328584671021e-01
6.065063476562500000e-01
3.210096955299377441e-01
3.780567646026611328e-01
4.189995527267456055e-01
6.984223425388336182e-02
3.390158414840698242e-01
6.267232298851013184e-01
1.627198010683059692e-01
1.718045324087142944e-01
3.179467618465423584e-01
3.196020722389221191e-01
2.375578880310058594e-01
9.941935539245605469e-02
4.348330199718475342e-02
4.280553758144378662e-01
1.754152774810791016e-01
2.218815684318542480e-01
1.190259009599685669e-01
1.595700979232788086e-01
2.391621172428131104e-01
1.457221508026123047e-01
5.960036814212799072e-02
1.993269026279449463e-01
1.264926195144653320e-01
3.014681339263916016e-01
9.599108248949050903e-02
1.669249832630157471e-01
2.359826564788818359e-01
1.846945583820343018e-01
1.618370711803436279e-01
4.643299281597137451e-01
4.156544804573059082e-02
4.041175916790962219e-02
1.686136424541473389e-01
1.528836190700531006e-01
2.694143652915954590e-01
5.737873911857604980e-02
2.980952262878417969e-01
1.062328219413757324e-01
4.136450588703155518e-02
2.767213387414813042e-03
1.396585106849670410e-01
4.136647284030914307e-01
5.713754892349243164e-01
1.118888854980468750e-01
9.913434833288192749e-02
2.867576777935028076e-01
8.175273984670639038e-02
1.009632833302021027e-02
7.688211277127265930e-03
1.656309515237808228e-01
1.602448150515556335e-02
2.705674171447753906e-01
1.203863397240638733e-01
2.220736932940781116e-04
3.097132742404937744e-01
1.664837598800659180e-01
1.588605940341949463e-01
2.236441522836685181e-02
1.914044767618179321e-01
3.274284675717353821e-02
3.509017080068588257e-02
8.207892999053001404e-03
1.018492504954338074e-02
8.993924595415592194e-03
1.548251509666442871e-01
2.994383573532104492e-01
5.057826265692710876e-02
1.882103038951754570e-03
1.669292151927947998e-02
2.035134704783558846e-03
1.198087334632873535e-01
5.167516414076089859e-03
1.898033916950225830e-01
9.979592636227607727e-03
1.759897917509078979e-01
4.016776569187641144e-03
6.597049534320831299e-02
1.913771219551563263e-02
6.945985835045576096e-03
1.062949225306510925e-01
1.401885971426963806e-02
1.743211969733238220e-02
8.894655853509902954e-03
5.383461029850877821e-05
1.997884595766663551e-03
3.002596320584416389e-03
1.002509519457817078e-01
7.900917902588844299e-03
5.640853196382522583e-02
3.668987657874822617e-03
3.817782504484057426e-03
7.119192159734666348e-04
1.985564082860946655e-02
1.738372147083282471e-01
