7.344487905502319336e-01
8.561382293701171875e-01
7.915066480636596680e-01
8.504315018653869629e-01
1.559797048568725586e+00
3.956705629825592041e-01
2.414136230945587158e-01
4.897794127464294434e-01
1.438840925693511963e-01
2.298274338245391846e-01
3.890835344791412354e-01
8.595744520425796509e-02
1.847039461135864258e-01
3.612473011016845703e-01
2.144667208194732666e-01
2.644538283348083496e-01
3.001406788825988770e-01
2.619535326957702637e-01
1.816268563270568848e-01
1.645783782005310059e-01
9.068421274423599243e-02
1.610318720340728760e-01
7.125860452651977539e-01
7.898139357566833496e-01
2.634786367416381836e-01
4.350900650024414062e-02
2.861249148845672607e-01
5.233283340930938721e-02
3.393040299415588379e-01
5.413153171539306641e-01
3.344125151634216309e-01
3.124291300773620605e-01
5.613192319869995117e-01
5.578999966382980347e-02
4.018888473510742188e-01
1.119694188237190247e-01
3.827988356351852417e-02
1.258037388324737549e-01
1.828514039516448975e-01
1.217693313956260681e-01
3.096900582313537598e-01
6.439400315284729004e-01
1.014332473278045654e-02
5.150481685996055603e-02
1.721365004777908325e-01
3.397920429706573486e-01
2.094250321388244629e-01
9.813827276229858398e-02
1.578043103218078613e-01
3.481584489345550537e-01
1.311535984277725220e-01
5.932238325476646423e-02
8.432180434465408325e-02
1.906240582466125488e-01
2.636024355888366699e-01
1.238473951816558838e-01
1.496785581111907959e-01
3.213434293866157532e-02
1.266822777688503265e-02
3.953883647918701172e-01
3.828454390168190002e-02
3.121350891888141632e-02
9.622582793235778809e-02
2.928423583507537842e-01
6.480801105499267578e-02
1.131900101900100708e-01
4.096923861652612686e-03
1.556760445237159729e-02
3.673745691776275635e-02
2.295461446046829224e-01
1.722637563943862915e-01
6.918126344680786133e-02
1.043976992368698120e-01
2.605402767658233643e-01
6.560153514146804810e-02
3.767313063144683838e-02
3.157181292772293091e-02
3.772401437163352966e-02
2.496010810136795044e-02
5.704071372747421265e-02
7.035325467586517334e-02
2.337263524532318115e-01
1.720254495739936829e-02
1.513464301824569702e-01
1.766999065876007080e-02
8.531998097896575928e-02
1.803530752658843994e-01
7.021981291472911835e-03
3.858440741896629333e-02
2.080704644322395325e-02
1.786301285028457642e-02
1.524216216057538986e-02
1.026963655021972954e-04
3.329628147184848785e-03
9.251745790243148804e-02
5.401601083576679230e-03
1.081696823239326477e-01
5.191255733370780945e-02
5.153209716081619263e-02
1.082327738404273987e-01
