6.391666666666666607e-01
7.658333333333333659e-01
8.241666666666667140e-01
7.974999999999999867e-01
8.333333333333333703e-01
8.549999999999999822e-01
8.641666666666666385e-01
8.116666666666666474e-01
8.766666666666667052e-01
8.616666666666666918e-01
8.783333333333332993e-01
7.991666666666666918e-01
8.016666666666666385e-01
8.741666666666666474e-01
8.733333333333332948e-01
8.874999999999999556e-01
8.891666666666666607e-01
9.033333333333333215e-01
8.974999999999999645e-01
8.916666666666667185e-01
8.575000000000000400e-01
8.866666666666667140e-01
8.824999999999999512e-01
9.100000000000000311e-01
9.091666666666666785e-01
9.024999999999999689e-01
9.108333333333333837e-01
8.399999999999999689e-01
8.950000000000000178e-01
9.008333333333333748e-01
9.158333333333333881e-01
9.066666666666666208e-01
9.008333333333333748e-01
9.083333333333333259e-01
8.966666666666666119e-01
8.983333333333333171e-01
8.950000000000000178e-01
8.850000000000000089e-01
8.675000000000000488e-01
9.008333333333333748e-01
9.024999999999999689e-01
9.224999999999999867e-01
9.100000000000000311e-01
9.150000000000000355e-01
9.274999999999999911e-01
9.150000000000000355e-01
9.033333333333333215e-01
8.950000000000000178e-01
8.716666666666667007e-01
9.100000000000000311e-01
8.858333333333333615e-01
9.158333333333333881e-01
9.233333333333333393e-01
9.091666666666666785e-01
8.883333333333333082e-01
9.141666666666666829e-01
9.224999999999999867e-01
9.124999999999999778e-01
9.291666666666666963e-01
8.366666666666666696e-01
9.291666666666666963e-01
9.041666666666666741e-01
9.274999999999999911e-01
9.141666666666666829e-01
8.725000000000000533e-01
9.191666666666666874e-01
9.291666666666666963e-01
9.233333333333333393e-01
9.166666666666666297e-01
9.200000000000000400e-01
9.174999999999999822e-01
9.266666666666666385e-01
9.300000000000000488e-01
9.200000000000000400e-01
9.124999999999999778e-01
9.375000000000000000e-01
9.000000000000000222e-01
8.924999999999999600e-01
8.683333333333332904e-01
8.850000000000000089e-01
9.324999999999999956e-01
9.158333333333333881e-01
9.166666666666666297e-01
9.425000000000000044e-01
9.266666666666666385e-01
9.333333333333333481e-01
9.200000000000000400e-01
9.316666666666666430e-01
9.358333333333332948e-01
9.124999999999999778e-01
9.183333333333333348e-01
9.350000000000000533e-01
8.916666666666667185e-01
9.141666666666666829e-01
9.308333333333332904e-01
9.375000000000000000e-01
9.324999999999999956e-01
9.366666666666666474e-01
9.375000000000000000e-01
9.391666666666667052e-01
