6.400000000000000133e-01
5.591666666666667007e-01
7.408333333333333437e-01
7.924999999999999822e-01
7.083333333333333703e-01
8.341666666666666119e-01
8.633333333333332860e-01
8.508333333333333304e-01
8.516666666666666829e-01
8.050000000000000488e-01
8.841666666666666563e-01
8.675000000000000488e-01
8.491666666666666252e-01
8.475000000000000311e-01
8.658333333333333437e-01
8.599999999999999867e-01
8.383333333333333748e-01
8.841666666666666563e-01
8.933333333333333126e-01
8.933333333333333126e-01
8.983333333333333171e-01
8.908333333333333659e-01
8.891666666666666607e-01
8.641666666666666385e-01
8.983333333333333171e-01
8.908333333333333659e-01
8.991666666666666696e-01
8.841666666666666563e-01
8.449999999999999734e-01
8.966666666666666119e-01
8.691666666666666430e-01
8.625000000000000444e-01
8.383333333333333748e-01
8.916666666666667185e-01
8.891666666666666607e-01
8.800000000000000044e-01
8.616666666666666918e-01
8.633333333333332860e-01
8.941666666666666652e-01
8.974999999999999645e-01
8.791666666666666519e-01
8.750000000000000000e-01
8.783333333333332993e-01
8.850000000000000089e-01
9.024999999999999689e-01
8.941666666666666652e-01
8.983333333333333171e-01
9.008333333333333748e-01
8.841666666666666563e-01
9.074999999999999734e-01
9.074999999999999734e-01
9.016666666666666163e-01
9.158333333333333881e-01
9.108333333333333837e-01
9.174999999999999822e-01
9.016666666666666163e-01
8.924999999999999600e-01
8.874999999999999556e-01
9.141666666666666829e-01
9.116666666666666252e-01
8.933333333333333126e-01
8.716666666666667007e-01
9.000000000000000222e-01
9.124999999999999778e-01
8.283333333333333659e-01
9.158333333333333881e-01
9.091666666666666785e-01
9.108333333333333837e-01
9.166666666666666297e-01
9.216666666666666341e-01
9.091666666666666785e-01
9.208333333333332815e-01
9.250000000000000444e-01
9.024999999999999689e-01
9.050000000000000266e-01
9.150000000000000355e-01
9.208333333333332815e-01
9.224999999999999867e-01
9.200000000000000400e-01
9.091666666666666785e-01
8.908333333333333659e-01
9.241666666666666918e-01
9.183333333333333348e-01
9.241666666666666918e-01
9.108333333333333837e-01
9.274999999999999911e-01
9.074999999999999734e-01
9.074999999999999734e-01
9.274999999999999911e-01
9.108333333333333837e-01
9.133333333333333304e-01
9.350000000000000533e-01
9.274999999999999911e-01
9.091666666666666785e-01
9.266666666666666385e-01
8.991666666666666696e-01
9.116666666666666252e-01
9.116666666666666252e-01
8.824999999999999512e-01
9.124999999999999778e-01
