5.558333333333332904e-01
5.725000000000000089e-01
5.908333333333333215e-01
5.849999999999999645e-01
8.108333333333332948e-01
8.399999999999999689e-01
8.233333333333333615e-01
8.508333333333333304e-01
8.483333333333333837e-01
8.691666666666666430e-01
8.841666666666666563e-01
8.425000000000000266e-01
8.275000000000000133e-01
8.591666666666666341e-01
8.741666666666666474e-01
8.525000000000000355e-01
8.933333333333333126e-01
8.225000000000000089e-01
8.774999999999999467e-01
8.958333333333333703e-01
5.300000000000000266e-01
8.850000000000000089e-01
8.874999999999999556e-01
8.858333333333333615e-01
8.924999999999999600e-01
8.658333333333333437e-01
8.858333333333333615e-01
8.583333333333332815e-01
9.016666666666666163e-01
9.124999999999999778e-01
9.141666666666666829e-01
8.633333333333332860e-01
8.425000000000000266e-01
9.074999999999999734e-01
9.150000000000000355e-01
9.100000000000000311e-01
8.816666666666667096e-01
9.191666666666666874e-01
9.083333333333333259e-01
9.066666666666666208e-01
9.091666666666666785e-01
9.158333333333333881e-01
9.224999999999999867e-01
9.091666666666666785e-01
9.041666666666666741e-01
8.974999999999999645e-01
9.116666666666666252e-01
8.974999999999999645e-01
9.250000000000000444e-01
9.274999999999999911e-01
9.158333333333333881e-01
9.291666666666666963e-01
9.258333333333332860e-01
9.350000000000000533e-01
9.283333333333333437e-01
9.050000000000000266e-01
9.366666666666666474e-01
9.241666666666666918e-01
9.433333333333333570e-01
9.041666666666666741e-01
9.366666666666666474e-01
9.358333333333332948e-01
9.466666666666666563e-01
9.300000000000000488e-01
9.399999999999999467e-01
9.191666666666666874e-01
9.458333333333333037e-01
9.525000000000000133e-01
9.525000000000000133e-01
9.425000000000000044e-01
9.350000000000000533e-01
9.491666666666667140e-01
9.408333333333332993e-01
9.449999999999999512e-01
9.508333333333333082e-01
9.416666666666666519e-01
9.583333333333333703e-01
9.525000000000000133e-01
9.258333333333332860e-01
9.499999999999999556e-01
9.591666666666666119e-01
9.100000000000000311e-01
9.516666666666666607e-01
9.358333333333332948e-01
9.533333333333333659e-01
9.575000000000000178e-01
9.525000000000000133e-01
9.525000000000000133e-01
9.566666666666666652e-01
9.549999999999999600e-01
9.483333333333333615e-01
9.575000000000000178e-01
9.441666666666667096e-01
9.499999999999999556e-01
9.408333333333332993e-01
9.591666666666666119e-01
9.533333333333333659e-01
9.591666666666666119e-01
9.224999999999999867e-01
9.274999999999999911e-01
