5.541666666666666963e-01
4.408333333333333548e-01
8.375000000000000222e-01
8.149999999999999467e-01
8.708333333333333481e-01
8.641666666666666385e-01
7.524999999999999467e-01
8.249999999999999556e-01
8.516666666666666829e-01
8.716666666666667007e-01
8.449999999999999734e-01
8.783333333333332993e-01
8.116666666666666474e-01
8.858333333333333615e-01
8.983333333333333171e-01
8.566666666666666874e-01
8.433333333333333792e-01
8.466666666666666785e-01
8.941666666666666652e-01
8.891666666666666607e-01
8.416666666666666741e-01
9.050000000000000266e-01
8.816666666666667096e-01
8.808333333333333570e-01
9.133333333333333304e-01
8.966666666666666119e-01
8.800000000000000044e-01
8.800000000000000044e-01
9.116666666666666252e-01
7.458333333333333481e-01
8.958333333333333703e-01
8.958333333333333703e-01
9.074999999999999734e-01
9.183333333333333348e-01
8.916666666666667185e-01
8.833333333333333037e-01
9.124999999999999778e-01
9.200000000000000400e-01
9.050000000000000266e-01
9.133333333333333304e-01
9.216666666666666341e-01
9.124999999999999778e-01
8.725000000000000533e-01
9.066666666666666208e-01
9.083333333333333259e-01
9.250000000000000444e-01
9.224999999999999867e-01
9.041666666666666741e-01
9.291666666666666963e-01
9.250000000000000444e-01
9.216666666666666341e-01
9.266666666666666385e-01
9.116666666666666252e-01
9.233333333333333393e-01
9.224999999999999867e-01
9.291666666666666963e-01
9.258333333333332860e-01
9.158333333333333881e-01
9.158333333333333881e-01
9.391666666666667052e-01
9.283333333333333437e-01
9.108333333333333837e-01
8.924999999999999600e-01
9.200000000000000400e-01
9.333333333333333481e-01
9.333333333333333481e-01
9.141666666666666829e-01
9.174999999999999822e-01
9.358333333333332948e-01
9.324999999999999956e-01
8.808333333333333570e-01
9.350000000000000533e-01
9.224999999999999867e-01
9.300000000000000488e-01
9.291666666666666963e-01
9.158333333333333881e-01
9.200000000000000400e-01
9.133333333333333304e-01
8.950000000000000178e-01
9.274999999999999911e-01
9.241666666666666918e-01
9.266666666666666385e-01
9.174999999999999822e-01
9.058333333333333792e-01
9.174999999999999822e-01
9.224999999999999867e-01
9.033333333333333215e-01
9.241666666666666918e-01
9.233333333333333393e-01
9.283333333333333437e-01
9.216666666666666341e-01
9.174999999999999822e-01
9.133333333333333304e-01
9.250000000000000444e-01
9.208333333333332815e-01
9.291666666666666963e-01
9.258333333333332860e-01
9.291666666666666963e-01
9.258333333333332860e-01
9.283333333333333437e-01
