8.000000000000000444e-01
8.141666666666667052e-01
8.266666666666666607e-01
8.375000000000000222e-01
8.333333333333333703e-01
8.316666666666666652e-01
8.483333333333333837e-01
8.191666666666667096e-01
8.675000000000000488e-01
8.616666666666666918e-01
8.583333333333332815e-01
9.041666666666666741e-01
8.358333333333333171e-01
8.499999999999999778e-01
8.733333333333332948e-01
8.774999999999999467e-01
8.499999999999999778e-01
8.908333333333333659e-01
9.133333333333333304e-01
9.258333333333332860e-01
9.041666666666666741e-01
9.100000000000000311e-01
8.933333333333333126e-01
9.258333333333332860e-01
8.824999999999999512e-01
9.308333333333332904e-01
8.941666666666666652e-01
8.566666666666666874e-01
9.024999999999999689e-01
9.191666666666666874e-01
8.683333333333332904e-01
9.333333333333333481e-01
9.224999999999999867e-01
9.158333333333333881e-01
8.541666666666666297e-01
9.250000000000000444e-01
9.341666666666667007e-01
9.233333333333333393e-01
9.266666666666666385e-01
9.133333333333333304e-01
9.408333333333332993e-01
9.266666666666666385e-01
9.350000000000000533e-01
9.300000000000000488e-01
9.100000000000000311e-01
9.391666666666667052e-01
9.441666666666667096e-01
9.291666666666666963e-01
9.433333333333333570e-01
9.308333333333332904e-01
9.358333333333332948e-01
8.808333333333333570e-01
9.258333333333332860e-01
9.250000000000000444e-01
9.308333333333332904e-01
9.258333333333332860e-01
9.416666666666666519e-01
9.416666666666666519e-01
9.433333333333333570e-01
9.441666666666667096e-01
9.408333333333332993e-01
9.458333333333333037e-01
9.475000000000000089e-01
9.458333333333333037e-01
9.441666666666667096e-01
9.466666666666666563e-01
9.458333333333333037e-01
9.433333333333333570e-01
9.433333333333333570e-01
9.433333333333333570e-01
9.433333333333333570e-01
9.449999999999999512e-01
9.433333333333333570e-01
9.433333333333333570e-01
9.441666666666667096e-01
9.449999999999999512e-01
9.433333333333333570e-01
9.433333333333333570e-01
9.425000000000000044e-01
9.441666666666667096e-01
9.441666666666667096e-01
9.441666666666667096e-01
9.425000000000000044e-01
9.433333333333333570e-01
9.441666666666667096e-01
9.441666666666667096e-01
9.441666666666667096e-01
9.449999999999999512e-01
9.449999999999999512e-01
9.449999999999999512e-01
9.449999999999999512e-01
9.449999999999999512e-01
9.449999999999999512e-01
9.449999999999999512e-01
9.449999999999999512e-01
9.449999999999999512e-01
9.458333333333333037e-01
9.449999999999999512e-01
9.458333333333333037e-01
9.449999999999999512e-01
