5.491666666666666918e-01
6.983333333333333615e-01
8.275000000000000133e-01
7.041666666666667185e-01
8.358333333333333171e-01
8.541666666666666297e-01
8.508333333333333304e-01
8.383333333333333748e-01
8.458333333333333259e-01
8.599999999999999867e-01
8.358333333333333171e-01
8.383333333333333748e-01
8.533333333333333881e-01
8.591666666666666341e-01
8.525000000000000355e-01
8.858333333333333615e-01
8.708333333333333481e-01
8.625000000000000444e-01
8.766666666666667052e-01
8.733333333333332948e-01
8.958333333333333703e-01
8.858333333333333615e-01
8.833333333333333037e-01
8.708333333333333481e-01
8.841666666666666563e-01
8.858333333333333615e-01
8.666666666666666963e-01
8.900000000000000133e-01
8.891666666666666607e-01
8.824999999999999512e-01
8.800000000000000044e-01
8.924999999999999600e-01
8.841666666666666563e-01
8.841666666666666563e-01
8.808333333333333570e-01
8.874999999999999556e-01
9.008333333333333748e-01
9.033333333333333215e-01
8.874999999999999556e-01
8.658333333333333437e-01
9.024999999999999689e-01
9.000000000000000222e-01
8.850000000000000089e-01
9.008333333333333748e-01
8.983333333333333171e-01
8.833333333333333037e-01
8.891666666666666607e-01
8.958333333333333703e-01
7.966666666666666341e-01
9.016666666666666163e-01
8.858333333333333615e-01
8.783333333333332993e-01
9.008333333333333748e-01
9.016666666666666163e-01
9.066666666666666208e-01
8.433333333333333792e-01
9.158333333333333881e-01
8.924999999999999600e-01
9.066666666666666208e-01
8.708333333333333481e-01
8.941666666666666652e-01
8.741666666666666474e-01
8.874999999999999556e-01
9.000000000000000222e-01
8.983333333333333171e-01
8.966666666666666119e-01
8.991666666666666696e-01
9.100000000000000311e-01
9.058333333333333792e-01
8.991666666666666696e-01
8.933333333333333126e-01
9.033333333333333215e-01
8.991666666666666696e-01
8.758333333333333526e-01
8.750000000000000000e-01
9.066666666666666208e-01
9.066666666666666208e-01
9.124999999999999778e-01
9.150000000000000355e-01
8.416666666666666741e-01
9.150000000000000355e-01
9.124999999999999778e-01
8.791666666666666519e-01
8.666666666666666963e-01
9.041666666666666741e-01
9.133333333333333304e-01
9.091666666666666785e-01
9.116666666666666252e-01
9.000000000000000222e-01
8.958333333333333703e-01
9.158333333333333881e-01
9.158333333333333881e-01
9.000000000000000222e-01
9.116666666666666252e-01
9.150000000000000355e-01
9.033333333333333215e-01
9.091666666666666785e-01
9.000000000000000222e-01
8.991666666666666696e-01
9.174999999999999822e-01
