7.941666666666666874e-01
7.966666666666666341e-01
8.091666666666667007e-01
8.375000000000000222e-01
8.566666666666666874e-01
8.541666666666666297e-01
8.366666666666666696e-01
8.649999999999999911e-01
8.683333333333332904e-01
8.416666666666666741e-01
8.558333333333333348e-01
8.658333333333333437e-01
8.783333333333332993e-01
8.850000000000000089e-01
8.658333333333333437e-01
8.800000000000000044e-01
8.833333333333333037e-01
8.850000000000000089e-01
9.050000000000000266e-01
9.108333333333333837e-01
9.183333333333333348e-01
9.366666666666666474e-01
9.283333333333333437e-01
9.116666666666666252e-01
9.108333333333333837e-01
9.208333333333332815e-01
9.274999999999999911e-01
9.433333333333333570e-01
9.300000000000000488e-01
9.366666666666666474e-01
9.541666666666667185e-01
9.308333333333332904e-01
9.458333333333333037e-01
9.566666666666666652e-01
9.508333333333333082e-01
9.483333333333333615e-01
9.383333333333333526e-01
9.475000000000000089e-01
9.383333333333333526e-01
9.583333333333333703e-01
9.483333333333333615e-01
9.308333333333332904e-01
9.533333333333333659e-01
9.350000000000000533e-01
9.458333333333333037e-01
9.324999999999999956e-01
9.583333333333333703e-01
9.733333333333333837e-01
9.350000000000000533e-01
9.383333333333333526e-01
9.566666666666666652e-01
9.683333333333333792e-01
9.691666666666666208e-01
8.783333333333332993e-01
8.183333333333333570e-01
9.433333333333333570e-01
9.641666666666666163e-01
9.675000000000000266e-01
9.466666666666666563e-01
9.516666666666666607e-01
9.483333333333333615e-01
9.583333333333333703e-01
9.575000000000000178e-01
9.683333333333333792e-01
9.616666666666666696e-01
9.549999999999999600e-01
9.691666666666666208e-01
9.725000000000000311e-01
9.549999999999999600e-01
9.625000000000000222e-01
9.558333333333333126e-01
9.499999999999999556e-01
9.683333333333333792e-01
9.708333333333333259e-01
9.708333333333333259e-01
9.541666666666667185e-01
9.324999999999999956e-01
9.683333333333333792e-01
9.541666666666667185e-01
9.599999999999999645e-01
9.608333333333333171e-01
9.708333333333333259e-01
9.808333333333333348e-01
9.708333333333333259e-01
9.150000000000000355e-01
9.583333333333333703e-01
9.591666666666666119e-01
9.583333333333333703e-01
9.508333333333333082e-01
9.308333333333332904e-01
9.675000000000000266e-01
9.608333333333333171e-01
9.708333333333333259e-01
9.699999999999999734e-01
9.758333333333333304e-01
9.799999999999999822e-01
9.775000000000000355e-01
9.775000000000000355e-01
9.791666666666666297e-01
9.791666666666666297e-01
