4.100217819213867188e-01
5.274347662925720215e-01
6.875024437904357910e-01
1.630938947200775146e-01
4.560619890689849854e-01
1.990240514278411865e-01
6.579496711492538452e-02
6.196318864822387695e-01
3.519093990325927734e-01
7.327081263065338135e-02
1.970549076795578003e-01
4.780947789549827576e-02
4.765125513076782227e-01
1.734257787466049194e-01
3.281898424029350281e-02
2.202727943658828735e-01
3.037349879741668701e-01
6.177169084548950195e-01
1.256311833858489990e-01
2.961199283599853516e-01
2.708095908164978027e-01
2.717435061931610107e-01
1.444103270769119263e-01
1.513001620769500732e-01
3.917285799980163574e-02
2.259453833103179932e-01
6.041836738586425781e-01
2.063379585742950439e-01
1.268905401229858398e-01
6.153455376625061035e-02
2.610139548778533936e-01
2.646300196647644043e-01
1.568825393915176392e-01
2.923249825835227966e-02
3.418235182762145996e-01
9.197947382926940918e-02
5.476804971694946289e-01
5.981346219778060913e-02
1.543280333280563354e-01
2.171670645475387573e-01
1.323398761451244354e-02
1.119708791375160217e-01
1.352454423904418945e-01
2.792596071958541870e-02
6.532830744981765747e-02
3.397244215011596680e-02
5.491769313812255859e-02
1.248178165405988693e-02
6.866204738616943359e-02
7.407460361719131470e-02
3.057936728000640869e-01
2.851885259151458740e-01
5.506850033998489380e-02
7.013950962573289871e-04
2.972941696643829346e-01
1.152551174163818359e-02
1.064645424485206604e-01
1.881610602140426636e-02
1.555397808551788330e-01
3.561285510659217834e-02
1.082994714379310608e-01
2.422548830509185791e-01
4.430841654539108276e-02
4.392373561859130859e-02
1.027269102632999420e-02
2.019836455583572388e-01
6.911023519933223724e-03
1.217297650873661041e-02
1.356292748823761940e-03
1.776839053491130471e-04
6.089558359235525131e-03
2.978693321347236633e-02
8.055544644594192505e-02
3.015985712409019470e-02
7.338313758373260498e-02
3.331351093947887421e-03
4.654247686266899109e-02
1.415356099605560303e-01
4.239625483751296997e-02
1.597372256219387054e-02
9.422635193914175034e-04
3.113078139722347260e-02
2.062784042209386826e-03
2.763993688859045506e-04
1.466466579586267471e-03
8.753036672715097666e-05
3.524477069731801748e-04
4.558104265015572309e-04
1.885729725472629070e-04
1.277460251003503799e-03
6.932928226888179779e-05
5.589130887528881431e-05
5.498221144080162048e-04
9.265391418011859059e-05
4.959526122547686100e-04
2.282328350702300668e-04
6.781751289963722229e-05
7.229952607303857803e-04
1.574990601511672139e-04
4.971934249624609947e-04
