5.074999999999999512e-01
6.058333333333333348e-01
5.758333333333333082e-01
8.141666666666667052e-01
8.558333333333333348e-01
8.475000000000000311e-01
8.508333333333333304e-01
8.433333333333333792e-01
8.308333333333333126e-01
8.725000000000000533e-01
8.533333333333333881e-01
8.900000000000000133e-01
8.050000000000000488e-01
8.741666666666666474e-01
8.725000000000000533e-01
8.974999999999999645e-01
8.741666666666666474e-01
8.950000000000000178e-01
8.966666666666666119e-01
8.958333333333333703e-01
8.658333333333333437e-01
8.558333333333333348e-01
9.016666666666666163e-01
8.933333333333333126e-01
8.783333333333332993e-01
8.900000000000000133e-01
8.816666666666667096e-01
9.074999999999999734e-01
8.850000000000000089e-01
9.041666666666666741e-01
9.066666666666666208e-01
9.058333333333333792e-01
9.100000000000000311e-01
8.833333333333333037e-01
8.850000000000000089e-01
8.941666666666666652e-01
9.150000000000000355e-01
8.199999999999999512e-01
9.000000000000000222e-01
8.958333333333333703e-01
9.091666666666666785e-01
9.074999999999999734e-01
8.741666666666666474e-01
8.858333333333333615e-01
9.208333333333332815e-01
9.166666666666666297e-01
9.116666666666666252e-01
8.791666666666666519e-01
9.008333333333333748e-01
9.108333333333333837e-01
9.183333333333333348e-01
8.816666666666667096e-01
8.541666666666666297e-01
8.891666666666666607e-01
9.158333333333333881e-01
9.066666666666666208e-01
9.158333333333333881e-01
9.300000000000000488e-01
8.958333333333333703e-01
9.050000000000000266e-01
9.091666666666666785e-01
9.191666666666666874e-01
9.100000000000000311e-01
9.291666666666666963e-01
9.191666666666666874e-01
9.174999999999999822e-01
9.283333333333333437e-01
9.324999999999999956e-01
8.883333333333333082e-01
9.141666666666666829e-01
8.866666666666667140e-01
9.200000000000000400e-01
9.291666666666666963e-01
9.066666666666666208e-01
9.108333333333333837e-01
9.200000000000000400e-01
8.950000000000000178e-01
9.166666666666666297e-01
9.083333333333333259e-01
9.083333333333333259e-01
9.058333333333333792e-01
9.208333333333332815e-01
9.233333333333333393e-01
8.516666666666666829e-01
8.900000000000000133e-01
9.091666666666666785e-01
9.200000000000000400e-01
9.174999999999999822e-01
9.074999999999999734e-01
9.250000000000000444e-01
9.224999999999999867e-01
9.283333333333333437e-01
9.250000000000000444e-01
9.208333333333332815e-01
9.291666666666666963e-01
9.250000000000000444e-01
9.266666666666666385e-01
9.291666666666666963e-01
9.266666666666666385e-01
9.291666666666666963e-01
