7.133333333333333748e-01
7.966666666666666341e-01
8.233333333333333615e-01
8.616666666666666918e-01
8.691666666666666430e-01
8.266666666666666607e-01
8.641666666666666385e-01
8.666666666666666963e-01
8.633333333333332860e-01
8.149999999999999467e-01
8.074999999999999956e-01
8.383333333333333748e-01
8.658333333333333437e-01
8.850000000000000089e-01
8.575000000000000400e-01
8.675000000000000488e-01
8.675000000000000488e-01
8.466666666666666785e-01
8.658333333333333437e-01
8.883333333333333082e-01
8.699999999999999956e-01
8.924999999999999600e-01
8.183333333333333570e-01
7.941666666666666874e-01
8.858333333333333615e-01
9.108333333333333837e-01
8.891666666666666607e-01
9.141666666666666829e-01
9.166666666666666297e-01
8.841666666666666563e-01
9.366666666666666474e-01
8.808333333333333570e-01
8.758333333333333526e-01
8.625000000000000444e-01
9.274999999999999911e-01
8.941666666666666652e-01
9.358333333333332948e-01
9.166666666666666297e-01
9.174999999999999822e-01
9.408333333333332993e-01
8.841666666666666563e-01
9.416666666666666519e-01
9.350000000000000533e-01
7.933333333333333348e-01
8.791666666666666519e-01
9.333333333333333481e-01
9.033333333333333215e-01
9.200000000000000400e-01
9.491666666666667140e-01
9.041666666666666741e-01
9.091666666666666785e-01
9.458333333333333037e-01
9.191666666666666874e-01
9.425000000000000044e-01
9.066666666666666208e-01
9.291666666666666963e-01
9.441666666666667096e-01
9.449999999999999512e-01
9.483333333333333615e-01
9.416666666666666519e-01
9.408333333333332993e-01
9.433333333333333570e-01
9.425000000000000044e-01
8.908333333333333659e-01
9.283333333333333437e-01
9.433333333333333570e-01
9.516666666666666607e-01
9.516666666666666607e-01
9.549999999999999600e-01
9.458333333333333037e-01
9.183333333333333348e-01
9.549999999999999600e-01
9.583333333333333703e-01
9.466666666666666563e-01
9.566666666666666652e-01
9.483333333333333615e-01
9.399999999999999467e-01
9.391666666666667052e-01
9.566666666666666652e-01
9.391666666666667052e-01
9.575000000000000178e-01
9.541666666666667185e-01
9.391666666666667052e-01
9.383333333333333526e-01
9.283333333333333437e-01
9.358333333333332948e-01
9.516666666666666607e-01
9.191666666666666874e-01
9.449999999999999512e-01
9.566666666666666652e-01
9.558333333333333126e-01
9.558333333333333126e-01
9.391666666666667052e-01
9.441666666666667096e-01
9.475000000000000089e-01
9.449999999999999512e-01
9.166666666666666297e-01
9.358333333333332948e-01
9.591666666666666119e-01
9.283333333333333437e-01
