1.384476900100708008e+00
3.360512256622314453e-01
3.707668781280517578e-01
4.046431183815002441e-01
1.859170198440551758e-01
2.923637330532073975e-01
2.478726804256439209e-01
4.148338437080383301e-01
1.205887049436569214e-01
3.223057985305786133e-01
4.506414532661437988e-01
3.770076036453247070e-01
2.022930085659027100e-01
1.017223000526428223e-01
2.027000933885574341e-01
4.229983687400817871e-02
8.761881291866302490e-02
8.076418936252593994e-02
1.148092597723007202e-01
2.245497703552246094e-01
6.626624614000320435e-02
4.710523039102554321e-02
2.229606360197067261e-02
8.570890873670578003e-02
1.991485357284545898e-01
3.604479432106018066e-01
8.050664514303207397e-02
5.790358409285545349e-02
1.141630299389362335e-02
1.003223750740289688e-02
7.017175853252410889e-02
5.778868496417999268e-02
8.837609738111495972e-02
3.574759513139724731e-02
4.759953171014785767e-02
8.002463728189468384e-02
3.676447551697492599e-03
1.240451261401176453e-02
1.377333328127861023e-02
5.329397320747375488e-02
1.032180059701204300e-02
1.461057066917419434e-01
9.050563909113407135e-03
7.237803190946578979e-02
2.876250147819519043e-01
3.513502702116966248e-02
1.755427569150924683e-01
3.252419084310531616e-02
1.804179698228836060e-02
2.186192385852336884e-02
5.323093384504318237e-02
3.226710855960845947e-02
9.981575421988964081e-03
1.036793366074562073e-02
2.451263600960373878e-03
4.746163729578256607e-03
8.723268285393714905e-03
1.613010279834270477e-02
1.829151213169097900e-01
1.842968538403511047e-02
1.865486614406108856e-02
3.157285600900650024e-02
4.314426332712173462e-03
3.110426478087902069e-04
1.724159228615462780e-03
1.539793796837329865e-03
5.587613559328019619e-04
1.746717316564172506e-04
8.476334623992443085e-04
4.829950630664825439e-04
1.950195583049207926e-04
1.021128147840499878e-03
8.694202988408505917e-04
3.304962883703410625e-04
1.117212741519324481e-04
3.734742349479347467e-04
1.213751093018800020e-04
8.489227184327319264e-05
5.541948485188186169e-04
2.469177416060119867e-04
1.230049383593723178e-05
5.860866440343670547e-05
9.298014629166573286e-05
1.851092238212004304e-04
1.915931061375886202e-04
6.198798018886009231e-06
7.176664803409948945e-05
1.279196021641837433e-05
5.341891301213763654e-05
2.780272334348410368e-04
1.851771521614864469e-04
4.875522790825925767e-05
8.015525236260145903e-05
3.298000228824093938e-05
1.370315876556560397e-04
1.127983978221891448e-05
2.603815664770081639e-05
1.849877844506409019e-05
1.532608439447358251e-04
1.143877307185903192e-04
