5.311347842216491699e-01
3.622214198112487793e-01
1.210549697279930115e-01
1.778857558965682983e-01
2.314413636922836304e-01
3.358612358570098877e-01
4.820665121078491211e-01
1.620632410049438477e-01
3.329990506172180176e-01
1.601968407630920410e-01
3.549222275614738464e-02
1.906123161315917969e-01
2.022743821144104004e-01
3.924019336700439453e-01
2.457776963710784912e-01
1.442413479089736938e-01
5.257716029882431030e-02
9.672006219625473022e-02
1.263685077428817749e-01
2.112136781215667725e-01
1.113550513982772827e-01
1.908343434333801270e-01
1.616239547729492188e-01
1.826549172401428223e-01
5.759683847427368164e-01
1.924209482967853546e-02
1.204294562339782715e-01
6.707168370485305786e-02
1.909695863723754883e-01
2.510206103324890137e-01
8.355726301670074463e-02
2.676684558391571045e-01
6.818604469299316406e-01
2.579269409179687500e-01
1.793236285448074341e-01
1.792415082454681396e-01
2.587348818778991699e-01
1.180999632924795151e-02
9.481351822614669800e-03
6.486643105745315552e-02
4.240363091230392456e-02
5.561304837465286255e-02
6.249822676181793213e-03
1.222308538854122162e-02
1.623730873689055443e-03
1.009078696370124817e-02
4.287368655204772949e-01
1.746523752808570862e-02
6.516069173812866211e-02
7.426741067320108414e-03
2.167383022606372833e-02
4.056257754564285278e-02
7.456389069557189941e-02
1.025097258388996124e-02
1.452681273221969604e-01
1.878100330941379070e-03
7.700304966419935226e-03
5.318565294146537781e-03
9.347848827019333839e-04
3.725897753611207008e-03
1.636264059925451875e-04
1.812996051739901304e-04
5.598392090178094804e-05
4.497872432693839073e-04
5.509339971467852592e-04
3.791484050452709198e-04
9.898936696117743850e-05
3.005824401043355465e-04
6.370980408973991871e-04
8.011369209270924330e-05
2.315529854968190193e-04
3.741051768884062767e-04
3.348942846059799194e-04
3.117104351986199617e-04
6.004828901495784521e-05
2.331113646505400538e-04
9.610041161067783833e-05
4.833943239646032453e-05
5.639053779304958880e-05
1.857701572589576244e-04
6.947955989744514227e-05
2.136103721568360925e-04
1.706591283436864614e-04
1.338164875051006675e-04
1.219156256411224604e-04
1.461510546505451202e-04
8.739122858969494700e-05
1.146896247519180179e-04
4.111329326406121254e-05
5.130148565513081849e-05
8.630462980363518000e-05
2.261084955534897745e-05
1.452127471566200256e-04
1.405742077622562647e-04
7.602955884067341685e-05
1.093478058464825153e-04
4.849891411140561104e-05
4.186238220427185297e-05
3.680082227219827473e-05
6.782522541470825672e-05
