6.550000000000000266e-01
5.050000000000000044e-01
5.833333333333333703e-01
7.058333333333333126e-01
7.299999999999999822e-01
8.316666666666666652e-01
8.149999999999999467e-01
8.441666666666666208e-01
8.074999999999999956e-01
8.483333333333333837e-01
8.050000000000000488e-01
8.508333333333333304e-01
8.275000000000000133e-01
8.516666666666666829e-01
8.449999999999999734e-01
8.649999999999999911e-01
8.641666666666666385e-01
7.691666666666666652e-01
8.391666666666666163e-01
8.258333333333333082e-01
8.699999999999999956e-01
8.675000000000000488e-01
8.699999999999999956e-01
8.908333333333333659e-01
8.766666666666667052e-01
8.475000000000000311e-01
8.449999999999999734e-01
9.024999999999999689e-01
9.191666666666666874e-01
8.900000000000000133e-01
9.150000000000000355e-01
8.783333333333332993e-01
9.200000000000000400e-01
8.608333333333333393e-01
9.133333333333333304e-01
8.891666666666666607e-01
9.050000000000000266e-01
9.108333333333333837e-01
8.791666666666666519e-01
9.124999999999999778e-01
9.208333333333332815e-01
9.274999999999999911e-01
9.008333333333333748e-01
9.258333333333332860e-01
9.050000000000000266e-01
9.283333333333333437e-01
9.116666666666666252e-01
9.308333333333332904e-01
9.324999999999999956e-01
9.333333333333333481e-01
9.024999999999999689e-01
9.300000000000000488e-01
9.350000000000000533e-01
9.324999999999999956e-01
9.358333333333332948e-01
9.166666666666666297e-01
9.224999999999999867e-01
8.800000000000000044e-01
9.300000000000000488e-01
9.324999999999999956e-01
9.300000000000000488e-01
9.241666666666666918e-01
9.408333333333332993e-01
9.266666666666666385e-01
9.083333333333333259e-01
9.174999999999999822e-01
9.183333333333333348e-01
9.074999999999999734e-01
9.316666666666666430e-01
9.324999999999999956e-01
9.366666666666666474e-01
9.191666666666666874e-01
9.266666666666666385e-01
9.250000000000000444e-01
9.266666666666666385e-01
9.366666666666666474e-01
9.224999999999999867e-01
9.324999999999999956e-01
9.324999999999999956e-01
9.333333333333333481e-01
9.341666666666667007e-01
9.333333333333333481e-01
9.350000000000000533e-01
9.333333333333333481e-01
9.333333333333333481e-01
9.324999999999999956e-01
9.324999999999999956e-01
9.341666666666667007e-01
9.350000000000000533e-01
9.333333333333333481e-01
9.341666666666667007e-01
9.333333333333333481e-01
9.358333333333332948e-01
9.358333333333332948e-01
9.350000000000000533e-01
9.350000000000000533e-01
9.366666666666666474e-01
9.350000000000000533e-01
9.375000000000000000e-01
9.358333333333332948e-01
