9.115989208221435547e-01
3.112775683403015137e-01
2.242264896631240845e-01
2.166844904422760010e-01
1.891496032476425171e-01
8.316668272018432617e-01
3.319035768508911133e-01
3.341767787933349609e-01
3.323956131935119629e-01
2.964305579662322998e-01
5.947352647781372070e-01
7.788266241550445557e-02
2.281580865383148193e-01
2.433046139776706696e-02
3.168398737907409668e-01
1.874674856662750244e-01
7.184201478958129883e-02
5.362945795059204102e-02
4.089833050966262817e-02
2.984729409217834473e-01
8.770154416561126709e-02
3.946324065327644348e-02
9.154763817787170410e-02
1.039435993880033493e-02
1.278814822435379028e-01
2.938159741461277008e-02
1.346768587827682495e-01
3.658084273338317871e-01
1.077651828527450562e-01
2.397005259990692139e-02
2.428518142551183701e-03
3.370497524738311768e-01
7.392623461782932281e-03
2.981087751686573029e-02
1.224919129163026810e-02
8.236728608608245850e-02
5.700035486370325089e-03
4.240455105900764465e-02
1.648911274969577789e-02
5.998178943991661072e-02
1.438599675893783569e-01
7.378493249416351318e-02
4.996406286954879761e-02
8.832732215523719788e-03
4.730375949293375015e-03
2.246890217065811157e-02
7.137397304177284241e-03
5.934476503171026707e-04
1.432553306221961975e-02
7.813548669219017029e-03
3.576356102712452412e-04
3.802936151623725891e-02
4.856740534305572510e-01
8.818265050649642944e-02
2.160167554393410683e-03
1.155675351619720459e-01
5.651665478944778442e-02
6.408459506928920746e-03
9.861990809440612793e-02
5.216193385422229767e-03
4.186752252280712128e-03
7.789982110261917114e-02
4.849078506231307983e-02
7.053939253091812134e-02
3.048299849033355713e-01
4.211660474538803101e-02
4.825254436582326889e-03
3.948058467358350754e-03
2.998640574514865875e-02
1.687732525169849396e-03
2.132793702185153961e-02
1.367778237909078598e-02
3.791469207499176264e-04
1.393880601972341537e-02
1.008290201425552368e-01
5.916056106798350811e-04
5.014169495552778244e-03
1.773340553045272827e-01
2.056203782558441162e-03
8.605964248999953270e-04
5.579495802521705627e-03
6.430256646126508713e-03
6.502722389996051788e-04
4.794283886440098286e-04
1.134064805228263140e-04
4.097286728210747242e-05
1.085292198695242405e-03
2.331249997951090336e-04
1.791654358385130763e-04
1.261657453142106533e-04
6.905534974066540599e-05
4.654984222725033760e-04
8.554612577427178621e-05
1.519828947493806481e-05
1.505936670582741499e-04
5.371078732423484325e-04
3.939135785913094878e-05
2.047564776148647070e-04
2.432432956993579865e-04
1.323938922723755240e-04
