7.755213975906372070e-01
4.769231081008911133e-01
6.072462797164916992e-01
3.191233277320861816e-01
2.166881561279296875e-01
1.266557574272155762e-01
4.000850915908813477e-01
1.223455667495727539e-01
4.122762084007263184e-01
3.292092084884643555e-01
3.528852462768554688e-01
3.858987987041473389e-02
1.640910208225250244e-01
2.385044544935226440e-01
1.360121220350265503e-01
9.668994694948196411e-02
2.343794256448745728e-01
6.089203357696533203e-01
6.356124579906463623e-02
2.677104473114013672e-01
1.637370288372039795e-01
2.219720035791397095e-01
1.049929335713386536e-01
4.765205383300781250e-01
4.201421737670898438e-01
1.033926755189895630e-01
1.545320302248001099e-01
7.924544624984264374e-03
7.272829115390777588e-02
3.129509091377258301e-02
3.518629819154739380e-02
1.249343454837799072e-01
2.421864271163940430e-01
3.626342117786407471e-01
3.349269926548004150e-02
1.069846376776695251e-01
7.535804063081741333e-02
6.616437435150146484e-02
5.790444463491439819e-02
1.604666262865066528e-01
4.184086322784423828e-01
8.299601078033447266e-02
2.384589910507202148e-01
7.555648684501647949e-01
1.116452217102050781e-01
7.261110097169876099e-02
3.777876496315002441e-02
3.194502741098403931e-02
7.089990377426147461e-02
1.476441770792007446e-01
5.059852451086044312e-02
6.789560616016387939e-02
4.077406600117683411e-02
1.328679267317056656e-02
2.058606892824172974e-01
1.290697157382965088e-01
6.142176687717437744e-02
1.328179091215133667e-01
1.674521341919898987e-02
1.893810927867889404e-02
3.097226023674011230e-01
6.381385494023561478e-03
2.559939026832580566e-01
7.816408574581146240e-02
9.457271546125411987e-03
7.932024449110031128e-02
6.010423228144645691e-02
5.635603517293930054e-02
7.253264635801315308e-02
9.642872959375381470e-03
1.465872395783662796e-02
8.165583759546279907e-02
1.761247776448726654e-02
3.770556300878524780e-03
8.373118005692958832e-03
3.638030588626861572e-02
1.035102158784866333e-01
1.370741054415702820e-02
4.502563737332820892e-03
8.989049494266510010e-02
9.074091911315917969e-03
4.952831659466028214e-03
5.228658765554428101e-02
2.924353443086147308e-02
3.531211614608764648e-02
5.042304284870624542e-03
1.391146332025527954e-02
4.050071835517883301e-01
3.721972694620490074e-03
1.768345944583415985e-03
5.653556901961565018e-03
4.222759976983070374e-03
1.598736941814422607e-01
4.698934406042098999e-02
1.748793292790651321e-03
3.557961285114288330e-01
8.816584944725036621e-02
4.148309584707021713e-03
2.867143368348479271e-03
5.837311968207359314e-02
