7.858794927597045898e-01
9.654052853584289551e-01
3.316786289215087891e-01
5.027865171432495117e-01
2.104681134223937988e-01
3.856671452522277832e-01
4.597665965557098389e-01
1.976822316646575928e-01
7.908634841442108154e-02
5.706680938601493835e-02
4.055525064468383789e-01
1.959665715694427490e-01
8.710067719221115112e-02
5.941941142082214355e-01
1.928701698780059814e-01
2.314546406269073486e-01
4.754903018474578857e-01
9.911479800939559937e-02
2.099668085575103760e-01
1.466902792453765869e-01
1.808359622955322266e-01
3.447372913360595703e-01
3.648085519671440125e-02
1.774740815162658691e-01
5.612543225288391113e-02
7.512809038162231445e-01
3.429853618144989014e-01
2.471534311771392822e-01
4.313665628433227539e-01
2.869332730770111084e-01
1.920778602361679077e-01
3.307756185531616211e-01
4.636320769786834717e-01
1.578478962182998657e-01
3.364561200141906738e-01
1.925790123641490936e-02
1.068228632211685181e-01
1.118490099906921387e-01
5.479201674461364746e-02
1.227256283164024353e-01
1.877715885639190674e-01
6.539021134376525879e-01
1.076447963714599609e-01
2.128387689590454102e-01
2.910547256469726562e-01
1.652798950672149658e-01
3.641945719718933105e-01
5.468541756272315979e-02
3.249502182006835938e-01
5.942204035818576813e-03
1.618816256523132324e-01
3.816635012626647949e-01
1.220554262399673462e-01
2.120241224765777588e-01
3.528783097863197327e-02
3.326134383678436279e-02
1.446182187646627426e-02
9.763853996992111206e-02
8.849033713340759277e-02
5.092139542102813721e-02
1.420935541391372681e-01
3.610710799694061279e-02
6.190525740385055542e-02
2.577487826347351074e-01
2.511758171021938324e-02
2.273808866739273071e-01
6.229638308286666870e-02
1.418730914592742920e-01
3.149793948978185654e-03
5.113590043038129807e-03
6.892389152199029922e-03
7.704296708106994629e-02
5.926859378814697266e-02
9.661971125751733780e-04
1.214447543025016785e-01
5.378905683755874634e-02
1.528123300522565842e-02
5.705936811864376068e-03
5.302175506949424744e-02
1.916939951479434967e-02
3.018310107290744781e-02
1.363532543182373047e-01
7.415260188281536102e-03
4.248504340648651123e-02
2.272192388772964478e-03
2.532847523689270020e-01
1.079756617546081543e-01
5.760109983384609222e-03
3.875686600804328918e-02
1.368082594126462936e-02
7.494884543120861053e-03
4.596376791596412659e-02
2.223236253485083580e-03
9.951522201299667358e-02
5.738025996834039688e-03
8.230600506067276001e-02
2.649834752082824707e-02
1.685483194887638092e-02
6.310956552624702454e-03
2.446655482053756714e-01
