5.850942134857177734e-01
7.033721804618835449e-01
6.929159164428710938e-01
4.958465099334716797e-01
3.295047879219055176e-01
6.192898750305175781e-01
6.031666994094848633e-01
1.985776424407958984e-01
2.584932148456573486e-01
2.775427997112274170e-01
5.683564543724060059e-01
5.486725568771362305e-01
2.044191509485244751e-01
3.569999039173126221e-01
3.825042247772216797e-01
3.221903741359710693e-01
1.450886875391006470e-01
1.557354629039764404e-01
1.917199790477752686e-01
1.974373459815979004e-01
5.271232128143310547e-01
2.608366608619689941e-01
6.102981418371200562e-02
5.311919450759887695e-01
1.731065362691879272e-01
2.081519663333892822e-01
4.767034947872161865e-02
8.483435958623886108e-02
2.254343330860137939e-01
2.773374021053314209e-01
4.265403375029563904e-02
4.944333061575889587e-02
3.510687947273254395e-01
4.048969596624374390e-02
1.006061807274818420e-01
4.009857475757598877e-01
3.406706452369689941e-01
3.873664140701293945e-02
9.610261768102645874e-02
5.645125508308410645e-01
1.154734045267105103e-01
1.719490140676498413e-01
4.735019057989120483e-02
2.531788311898708344e-02
8.120066672563552856e-02
1.004925668239593506e-01
1.230693608522415161e-01
5.020368844270706177e-02
3.814160823822021484e-02
1.427896670065820217e-03
1.424656361341476440e-01
3.847644105553627014e-02
1.901509761810302734e-01
4.170306771993637085e-02
2.679752707481384277e-01
3.421575203537940979e-02
1.413509398698806763e-01
2.533733546733856201e-01
6.887494027614593506e-02
5.208832025527954102e-02
2.425890974700450897e-02
7.958430796861648560e-03
6.132246926426887512e-03
2.965569263324141502e-03
4.256654530763626099e-03
1.153621822595596313e-01
2.255336381494998932e-02
2.427799850702285767e-01
6.276716012507677078e-03
3.460991196334362030e-03
4.281741008162498474e-02
1.873984783887863159e-01
3.349003195762634277e-02
5.606690421700477600e-03
6.550636142492294312e-03
1.221667695790529251e-02
4.762652795761823654e-03
1.120841712690889835e-03
1.484864857047796249e-03
1.850830041803419590e-03
7.967834826558828354e-04
2.139640855602920055e-04
1.884541852632537484e-04
1.267656101845204830e-03
5.228134687058627605e-04
4.394912102725356817e-04
2.255555154988542199e-04
4.773321415996178985e-05
5.311564891599118710e-04
2.403426697128452361e-05
7.593882037326693535e-04
1.663890725467354059e-04
9.843799489317461848e-05
5.174728576093912125e-04
2.091386704705655575e-04
2.714387956075370312e-04
1.545528066344559193e-04
6.681599188596010208e-05
3.472956304904073477e-04
2.350369904888793826e-04
