9.704343676567077637e-01
2.898576259613037109e-01
3.550766706466674805e-01
2.919173836708068848e-01
2.662958204746246338e-01
3.683001101016998291e-01
1.317642331123352051e-01
3.139892220497131348e-01
3.536704182624816895e-01
9.966145455837249756e-02
8.907601237297058105e-02
4.493422508239746094e-01
2.283571660518646240e-01
1.256193965673446655e-01
3.069190382957458496e-01
1.646480560302734375e-01
1.122529581189155579e-01
1.077892035245895386e-01
3.090484440326690674e-01
1.144213080406188965e-01
2.936746738851070404e-02
1.550701856613159180e-01
3.961827605962753296e-02
2.245528548955917358e-01
4.718806222081184387e-02
4.041191041469573975e-01
1.876243650913238525e-01
3.000147938728332520e-01
6.418682634830474854e-02
2.252180129289627075e-01
2.315935790538787842e-01
2.590779662132263184e-01
1.618109494447708130e-01
6.647744029760360718e-02
2.353023886680603027e-01
4.310288280248641968e-02
2.606996893882751465e-01
3.203136324882507324e-01
1.206823438405990601e-01
7.259821295738220215e-01
4.405441880226135254e-02
1.191354077309370041e-02
1.376618742942810059e-01
1.620154976844787598e-01
2.451667934656143188e-01
1.263975501060485840e-01
2.659190893173217773e-01
1.363505274057388306e-01
9.591219574213027954e-02
2.376595139503479004e-02
3.338729962706565857e-02
7.929392158985137939e-02
1.926883459091186523e-01
7.000531256198883057e-02
2.106838226318359375e-01
6.082129850983619690e-02
6.631219387054443359e-02
1.355173885822296143e-01
3.295150399208068848e-02
8.850815892219543457e-02
8.986467495560646057e-03
2.582114338874816895e-01
1.615111231803894043e-01
3.041887655854225159e-02
3.822169080376625061e-02
2.150898128747940063e-01
2.808673307299613953e-02
1.501182913780212402e-01
4.671716690063476562e-01
6.933866441249847412e-02
2.350126802921295166e-01
2.796659618616104126e-02
4.355242103338241577e-02
3.317753672599792480e-01
7.122933864593505859e-02
1.160601675510406494e-01
3.033271245658397675e-02
1.629381091333925724e-03
6.409299373626708984e-02
2.707696557044982910e-01
9.682512283325195312e-02
2.013305574655532837e-02
8.134176023304462433e-03
4.395318403840065002e-02
3.231990709900856018e-02
2.236694796010851860e-03
1.584294997155666351e-02
8.028104901313781738e-03
5.287190526723861694e-02
1.895382627844810486e-02
2.087851753458380699e-03
4.979917779564857483e-02
6.826039552688598633e-01
1.116971485316753387e-02
3.307605534791946411e-02
3.635748755186796188e-03
3.790144249796867371e-02
1.973374187946319580e-02
6.367718800902366638e-03
2.795733045786619186e-03
