6.483333333333333171e-01
7.691666666666666652e-01
8.416666666666666741e-01
8.466666666666666785e-01
8.408333333333333215e-01
8.675000000000000488e-01
8.100000000000000533e-01
8.750000000000000000e-01
8.358333333333333171e-01
8.950000000000000178e-01
8.866666666666667140e-01
8.958333333333333703e-01
8.933333333333333126e-01
8.766666666666667052e-01
8.608333333333333393e-01
8.216666666666666563e-01
8.349999999999999645e-01
8.033333333333333437e-01
8.991666666666666696e-01
9.058333333333333792e-01
8.850000000000000089e-01
9.166666666666666297e-01
9.041666666666666741e-01
8.850000000000000089e-01
9.191666666666666874e-01
9.150000000000000355e-01
8.791666666666666519e-01
9.174999999999999822e-01
9.116666666666666252e-01
9.074999999999999734e-01
9.124999999999999778e-01
9.183333333333333348e-01
9.133333333333333304e-01
9.091666666666666785e-01
9.041666666666666741e-01
9.058333333333333792e-01
9.083333333333333259e-01
9.116666666666666252e-01
9.083333333333333259e-01
9.208333333333332815e-01
9.100000000000000311e-01
9.266666666666666385e-01
9.241666666666666918e-01
9.183333333333333348e-01
9.274999999999999911e-01
9.241666666666666918e-01
9.291666666666666963e-01
9.224999999999999867e-01
9.024999999999999689e-01
9.124999999999999778e-01
9.066666666666666208e-01
9.341666666666667007e-01
9.216666666666666341e-01
9.241666666666666918e-01
9.308333333333332904e-01
9.224999999999999867e-01
9.291666666666666963e-01
9.366666666666666474e-01
9.300000000000000488e-01
9.274999999999999911e-01
9.316666666666666430e-01
9.274999999999999911e-01
8.924999999999999600e-01
9.433333333333333570e-01
9.425000000000000044e-01
9.350000000000000533e-01
9.416666666666666519e-01
9.300000000000000488e-01
9.283333333333333437e-01
9.233333333333333393e-01
9.183333333333333348e-01
9.333333333333333481e-01
9.383333333333333526e-01
8.833333333333333037e-01
9.258333333333332860e-01
9.274999999999999911e-01
9.266666666666666385e-01
9.350000000000000533e-01
9.191666666666666874e-01
9.408333333333332993e-01
9.266666666666666385e-01
9.416666666666666519e-01
9.408333333333332993e-01
9.541666666666667185e-01
9.525000000000000133e-01
9.516666666666666607e-01
9.475000000000000089e-01
9.491666666666667140e-01
9.516666666666666607e-01
9.508333333333333082e-01
9.491666666666667140e-01
9.483333333333333615e-01
9.508333333333333082e-01
9.499999999999999556e-01
9.483333333333333615e-01
9.491666666666667140e-01
9.499999999999999556e-01
9.491666666666667140e-01
9.499999999999999556e-01
9.508333333333333082e-01
