5.662223696708679199e-01
2.275649756193161011e-01
3.266358375549316406e-01
3.155100047588348389e-01
2.404223978519439697e-01
2.012134194374084473e-01
3.108815252780914307e-01
1.630905717611312866e-01
4.366842508316040039e-01
1.866915822029113770e-01
1.812231391668319702e-01
2.019952051341533661e-02
4.773893356323242188e-01
2.171506732702255249e-01
8.650146424770355225e-02
2.691272497177124023e-01
3.749737739562988281e-01
4.602071046829223633e-01
9.400725364685058594e-02
5.374008417129516602e-02
4.581606984138488770e-01
2.473843544721603394e-01
2.479744255542755127e-01
3.500555753707885742e-01
2.614010274410247803e-01
2.236708812415599823e-02
5.658094584941864014e-02
1.685179024934768677e-01
7.627181708812713623e-02
1.859761960804462433e-02
1.426308751106262207e-01
2.590371668338775635e-02
1.144610941410064697e-01
4.701904952526092529e-02
8.922962099313735962e-02
3.163858354091644287e-01
5.358995199203491211e-01
1.086192205548286438e-01
5.809871107339859009e-02
4.539766907691955566e-01
6.661316007375717163e-02
2.830944396555423737e-02
6.676103174686431885e-02
4.948997870087623596e-02
9.891982376575469971e-02
1.047726497054100037e-01
3.342217579483985901e-02
3.338830471038818359e-01
2.682797238230705261e-02
9.900038689374923706e-02
4.559770599007606506e-02
9.693190455436706543e-03
5.130343511700630188e-02
9.064137935638427734e-02
2.563069015741348267e-02
1.057319864630699158e-01
1.123449206352233887e-02
5.760008469223976135e-03
5.424441769719123840e-02
5.948628857731819153e-02
2.290440797805786133e-01
1.373594999313354492e-01
1.037609111517667770e-02
4.270849283784627914e-03
3.881875053048133850e-02
2.415763288736343384e-01
3.419786691665649414e-02
8.164937049150466919e-02
5.346187026589177549e-05
7.966892793774604797e-03
7.051524007692933083e-04
4.665439575910568237e-02
6.615143269300460815e-02
7.001582067459821701e-03
1.259667053818702698e-02
3.466051304712891579e-03
4.265023395419120789e-03
3.230689791962504387e-03
6.887107156217098236e-04
1.108890958130359650e-02
7.460363209247589111e-02
8.123043924570083618e-03
7.314790040254592896e-03
2.765908464789390564e-02
8.286476368084549904e-04
8.471326436847448349e-04
8.439365774393081665e-03
1.706556417047977448e-02
1.337129343301057816e-02
4.239999223500490189e-03
2.029537688940763474e-03
3.418943285942077637e-02
3.692331165075302124e-02
5.315437912940979004e-02
2.000857843086123466e-03
4.701804427895694971e-04
1.808902714401483536e-03
1.776968827471137047e-03
1.237637642771005630e-02
3.828671760857105255e-03
