7.600000000000000089e-01
7.750000000000000222e-01
8.283333333333333659e-01
8.458333333333333259e-01
8.466666666666666785e-01
8.549999999999999822e-01
8.491666666666666252e-01
8.475000000000000311e-01
8.483333333333333837e-01
8.633333333333332860e-01
8.491666666666666252e-01
8.725000000000000533e-01
8.558333333333333348e-01
8.616666666666666918e-01
8.416666666666666741e-01
8.816666666666667096e-01
8.974999999999999645e-01
8.750000000000000000e-01
6.916666666666666519e-01
8.900000000000000133e-01
8.933333333333333126e-01
8.750000000000000000e-01
9.100000000000000311e-01
9.133333333333333304e-01
8.908333333333333659e-01
8.900000000000000133e-01
9.191666666666666874e-01
9.208333333333332815e-01
9.074999999999999734e-01
9.241666666666666918e-01
9.158333333333333881e-01
9.150000000000000355e-01
9.341666666666667007e-01
8.891666666666666607e-01
9.224999999999999867e-01
9.375000000000000000e-01
9.216666666666666341e-01
9.158333333333333881e-01
9.174999999999999822e-01
9.241666666666666918e-01
9.291666666666666963e-01
8.933333333333333126e-01
9.233333333333333393e-01
9.291666666666666963e-01
9.066666666666666208e-01
9.108333333333333837e-01
8.933333333333333126e-01
9.058333333333333792e-01
9.166666666666666297e-01
9.266666666666666385e-01
9.183333333333333348e-01
9.449999999999999512e-01
9.350000000000000533e-01
9.150000000000000355e-01
9.341666666666667007e-01
9.258333333333332860e-01
9.483333333333333615e-01
8.941666666666666652e-01
9.366666666666666474e-01
9.399999999999999467e-01
9.449999999999999512e-01
9.433333333333333570e-01
9.466666666666666563e-01
9.449999999999999512e-01
9.466666666666666563e-01
9.466666666666666563e-01
9.466666666666666563e-01
9.475000000000000089e-01
9.483333333333333615e-01
9.483333333333333615e-01
9.483333333333333615e-01
9.491666666666667140e-01
9.483333333333333615e-01
9.483333333333333615e-01
9.499999999999999556e-01
9.491666666666667140e-01
9.483333333333333615e-01
9.491666666666667140e-01
9.491666666666667140e-01
9.491666666666667140e-01
9.491666666666667140e-01
9.499999999999999556e-01
9.483333333333333615e-01
9.491666666666667140e-01
9.483333333333333615e-01
9.491666666666667140e-01
9.483333333333333615e-01
9.491666666666667140e-01
9.483333333333333615e-01
9.483333333333333615e-01
9.499999999999999556e-01
9.475000000000000089e-01
9.491666666666667140e-01
9.499999999999999556e-01
9.491666666666667140e-01
9.499999999999999556e-01
9.499999999999999556e-01
9.491666666666667140e-01
9.499999999999999556e-01
9.499999999999999556e-01
