7.641666666666666607e-01
6.433333333333333126e-01
8.249999999999999556e-01
8.249999999999999556e-01
8.199999999999999512e-01
7.874999999999999778e-01
8.425000000000000266e-01
8.408333333333333215e-01
8.175000000000000044e-01
8.558333333333333348e-01
8.916666666666667185e-01
8.783333333333332993e-01
8.883333333333333082e-01
8.958333333333333703e-01
8.874999999999999556e-01
9.191666666666666874e-01
8.891666666666666607e-01
9.200000000000000400e-01
9.224999999999999867e-01
9.008333333333333748e-01
8.874999999999999556e-01
9.024999999999999689e-01
8.958333333333333703e-01
9.000000000000000222e-01
9.183333333333333348e-01
8.816666666666667096e-01
9.166666666666666297e-01
8.866666666666667140e-01
9.116666666666666252e-01
9.091666666666666785e-01
9.033333333333333215e-01
8.874999999999999556e-01
9.033333333333333215e-01
9.174999999999999822e-01
9.083333333333333259e-01
9.116666666666666252e-01
9.116666666666666252e-01
9.250000000000000444e-01
9.241666666666666918e-01
9.124999999999999778e-01
8.599999999999999867e-01
9.158333333333333881e-01
9.250000000000000444e-01
9.133333333333333304e-01
9.191666666666666874e-01
8.908333333333333659e-01
9.341666666666667007e-01
9.216666666666666341e-01
9.350000000000000533e-01
9.224999999999999867e-01
9.266666666666666385e-01
9.250000000000000444e-01
9.033333333333333215e-01
9.066666666666666208e-01
9.241666666666666918e-01
9.233333333333333393e-01
9.074999999999999734e-01
9.274999999999999911e-01
9.300000000000000488e-01
9.274999999999999911e-01
9.233333333333333393e-01
8.858333333333333615e-01
9.358333333333332948e-01
9.258333333333332860e-01
9.333333333333333481e-01
9.200000000000000400e-01
9.224999999999999867e-01
9.174999999999999822e-01
9.100000000000000311e-01
9.324999999999999956e-01
8.991666666666666696e-01
9.266666666666666385e-01
9.308333333333332904e-01
9.308333333333332904e-01
9.233333333333333393e-01
9.358333333333332948e-01
9.050000000000000266e-01
8.900000000000000133e-01
9.066666666666666208e-01
9.274999999999999911e-01
9.200000000000000400e-01
9.283333333333333437e-01
9.324999999999999956e-01
9.316666666666666430e-01
9.316666666666666430e-01
9.358333333333332948e-01
9.358333333333332948e-01
9.383333333333333526e-01
9.383333333333333526e-01
9.383333333333333526e-01
9.383333333333333526e-01
9.391666666666667052e-01
9.391666666666667052e-01
9.399999999999999467e-01
9.416666666666666519e-01
9.425000000000000044e-01
9.416666666666666519e-01
9.416666666666666519e-01
9.416666666666666519e-01
9.425000000000000044e-01
