5.158333333333333659e-01
4.941666666666666430e-01
5.241666666666666696e-01
6.808333333333332904e-01
4.874999999999999889e-01
7.550000000000000044e-01
8.425000000000000266e-01
7.724999999999999645e-01
8.449999999999999734e-01
8.074999999999999956e-01
8.283333333333333659e-01
8.666666666666666963e-01
8.466666666666666785e-01
8.508333333333333304e-01
8.708333333333333481e-01
8.416666666666666741e-01
8.783333333333332993e-01
8.616666666666666918e-01
8.766666666666667052e-01
8.741666666666666474e-01
8.916666666666667185e-01
8.683333333333332904e-01
8.866666666666667140e-01
8.616666666666666918e-01
8.874999999999999556e-01
8.758333333333333526e-01
8.950000000000000178e-01
8.283333333333333659e-01
8.750000000000000000e-01
8.891666666666666607e-01
8.866666666666667140e-01
8.883333333333333082e-01
8.683333333333332904e-01
8.666666666666666963e-01
8.958333333333333703e-01
8.874999999999999556e-01
8.908333333333333659e-01
8.983333333333333171e-01
8.591666666666666341e-01
9.016666666666666163e-01
8.933333333333333126e-01
8.974999999999999645e-01
8.924999999999999600e-01
9.141666666666666829e-01
8.816666666666667096e-01
8.883333333333333082e-01
8.991666666666666696e-01
8.974999999999999645e-01
8.950000000000000178e-01
9.200000000000000400e-01
8.966666666666666119e-01
9.074999999999999734e-01
8.850000000000000089e-01
8.950000000000000178e-01
8.233333333333333615e-01
8.599999999999999867e-01
9.116666666666666252e-01
9.108333333333333837e-01
8.933333333333333126e-01
9.074999999999999734e-01
9.200000000000000400e-01
9.141666666666666829e-01
8.900000000000000133e-01
9.158333333333333881e-01
9.066666666666666208e-01
9.083333333333333259e-01
8.950000000000000178e-01
8.816666666666667096e-01
9.024999999999999689e-01
8.641666666666666385e-01
9.100000000000000311e-01
9.224999999999999867e-01
8.924999999999999600e-01
8.908333333333333659e-01
9.058333333333333792e-01
9.141666666666666829e-01
9.216666666666666341e-01
8.966666666666666119e-01
9.124999999999999778e-01
9.058333333333333792e-01
8.983333333333333171e-01
9.333333333333333481e-01
9.266666666666666385e-01
9.300000000000000488e-01
9.291666666666666963e-01
9.183333333333333348e-01
9.191666666666666874e-01
9.174999999999999822e-01
9.208333333333332815e-01
9.074999999999999734e-01
9.141666666666666829e-01
8.883333333333333082e-01
9.266666666666666385e-01
9.266666666666666385e-01
9.183333333333333348e-01
9.174999999999999822e-01
9.141666666666666829e-01
9.158333333333333881e-01
9.341666666666667007e-01
9.174999999999999822e-01
