5.898511409759521484e-01
4.971191883087158203e-01
5.386009216308593750e-01
2.948498725891113281e-01
2.526284456253051758e-01
4.272845089435577393e-01
2.509003877639770508e-01
2.172255516052246094e-01
4.025097489356994629e-01
1.400616914033889771e-01
2.867611944675445557e-01
1.225045546889305115e-01
3.203484416007995605e-01
5.592676997184753418e-01
6.590302288532257080e-02
2.546041309833526611e-01
7.390077412128448486e-02
6.829082965850830078e-02
1.483848392963409424e-01
1.593842208385467529e-01
1.340581178665161133e-01
4.752581939101219177e-02
6.698437035083770752e-03
7.840360999107360840e-01
3.673947453498840332e-01
1.309511363506317139e-01
7.307012379169464111e-02
2.788368463516235352e-01
9.652677178382873535e-02
2.667507529258728027e-01
7.414846867322921753e-02
6.058664619922637939e-02
1.503352075815200806e-01
1.276931166648864746e-01
1.523210108280181885e-01
1.316645592451095581e-01
2.702517509460449219e-01
1.499686762690544128e-02
1.618188172578811646e-01
7.867818698287010193e-03
1.101067364215850830e-01
4.817609488964080811e-02
1.552341431379318237e-01
1.697444170713424683e-01
2.910390496253967285e-01
1.712343189865350723e-03
1.313941478729248047e-01
3.234099596738815308e-02
2.542338371276855469e-01
6.107079237699508667e-02
3.451835364103317261e-02
4.560382664203643799e-02
7.179924845695495605e-02
2.883772365748882294e-02
7.056738436222076416e-02
4.541501402854919434e-02
1.192272603511810303e-01
4.613615944981575012e-02
1.692703068256378174e-01
1.074359170161187649e-03
1.190633550286293030e-01
3.219627588987350464e-02
3.067116811871528625e-02
1.304791774600744247e-02
9.080995805561542511e-03
3.196984063833951950e-03
2.172081731259822845e-02
2.040634863078594208e-02
2.036307379603385925e-02
1.416837871074676514e-01
2.923817560076713562e-02
9.383286349475383759e-03
2.030924856662750244e-01
8.693816140294075012e-03
1.569254100322723389e-01
7.735396735370159149e-03
2.193064196035265923e-03
1.634417288005352020e-02
3.689772216603159904e-03
5.919399554841220379e-04
1.487894682213664055e-03
1.418041717261075974e-02
1.419115159660577774e-02
5.169401317834854126e-02
9.244652837514877319e-02
1.297051785513758659e-03
3.849166678264737129e-03
1.344163552857935429e-03
1.508087967522442341e-03
1.944043487310409546e-02
2.097465842962265015e-02
9.860016405582427979e-03
6.653364747762680054e-02
1.197160631418228149e-01
1.445326302200555801e-02
9.781890362501144409e-02
1.551191671751439571e-04
2.313019186258316040e-01
5.349386483430862427e-02
2.945748902857303619e-02
