7.543008923530578613e-01
1.343651771545410156e+00
4.905655682086944580e-01
3.184255957603454590e-01
7.061788439750671387e-01
7.351103425025939941e-01
2.485062927007675171e-01
2.479665428400039673e-01
1.724930554628372192e-01
1.963363587856292725e-01
1.857295632362365723e-01
1.639145612716674805e-01
3.978827595710754395e-01
2.366160303354263306e-01
2.133276164531707764e-01
8.111060410737991333e-02
2.492643892765045166e-01
1.669771373271942139e-01
1.134925335645675659e-01
3.243245184421539307e-01
3.305715695023536682e-02
2.020816057920455933e-01
3.920916616916656494e-01
1.555581688880920410e-01
7.387932389974594116e-02
1.505475789308547974e-01
1.982942670583724976e-01
1.982791423797607422e-01
5.981302261352539062e-02
9.875804185867309570e-02
1.973583400249481201e-01
8.919429033994674683e-02
1.272570043802261353e-01
6.466443836688995361e-02
5.295661091804504395e-02
8.552788197994232178e-02
1.395894438028335571e-01
1.679345667362213135e-01
7.567742466926574707e-02
8.201763629913330078e-01
1.062207296490669250e-01
8.102136850357055664e-02
1.424443572759628296e-01
8.574513345956802368e-02
1.140813678503036499e-01
1.135941445827484131e-01
1.985996663570404053e-01
1.765175461769104004e-01
5.219253711402416229e-03
2.302316576242446899e-01
1.500124782323837280e-01
2.937727570533752441e-01
7.656792551279067993e-02
5.655001103878021240e-02
4.998350143432617188e-02
1.279714331030845642e-02
1.182982549071311951e-01
1.880264580249786377e-01
4.703358747065067291e-03
4.720339551568031311e-03
5.760367959737777710e-03
1.257320772856473923e-02
8.660940453410148621e-03
9.534706361591815948e-03
2.349420078098773956e-02
9.680225513875484467e-03
2.149762660264968872e-01
1.436254382133483887e-01
1.181893330067396164e-02
1.709410175681114197e-02
1.165706757456064224e-02
1.380612957291305065e-03
6.861923793621826917e-06
4.909303388558328152e-04
2.999462652951478958e-03
3.099150198977440596e-04
7.182857953011989594e-03
1.232051104307174683e-02
5.124200135469436646e-03
5.290322005748748779e-02
2.744198776781558990e-03
8.915635198354721069e-02
1.412825472652912140e-02
3.073112340644001961e-03
2.028377784881740808e-04
3.217360354028642178e-04
2.522110007703304291e-04
1.364594936603680253e-04
1.283251331187784672e-04
1.614369102753698826e-04
5.182948370929807425e-05
4.075335891684517264e-05
4.140764649491757154e-04
3.926428234990453348e-06
5.511430208571255207e-04
5.427395808510482311e-05
5.645859055221080780e-04
2.351533476030454040e-04
2.326345856999978423e-04
1.691266224952414632e-04
