7.566666666666667096e-01
8.283333333333333659e-01
8.366666666666666696e-01
8.575000000000000400e-01
4.991666666666666474e-01
8.625000000000000444e-01
8.816666666666667096e-01
8.658333333333333437e-01
8.858333333333333615e-01
8.591666666666666341e-01
8.808333333333333570e-01
9.050000000000000266e-01
8.266666666666666607e-01
9.000000000000000222e-01
8.341666666666666119e-01
8.900000000000000133e-01
8.566666666666666874e-01
9.083333333333333259e-01
9.091666666666666785e-01
9.008333333333333748e-01
8.958333333333333703e-01
9.108333333333333837e-01
8.808333333333333570e-01
8.933333333333333126e-01
8.874999999999999556e-01
8.566666666666666874e-01
8.766666666666667052e-01
9.000000000000000222e-01
9.024999999999999689e-01
9.250000000000000444e-01
9.033333333333333215e-01
9.266666666666666385e-01
9.074999999999999734e-01
9.116666666666666252e-01
8.516666666666666829e-01
9.266666666666666385e-01
9.174999999999999822e-01
9.274999999999999911e-01
9.233333333333333393e-01
9.208333333333332815e-01
9.200000000000000400e-01
9.241666666666666918e-01
9.241666666666666918e-01
9.283333333333333437e-01
9.074999999999999734e-01
8.183333333333333570e-01
9.283333333333333437e-01
9.091666666666666785e-01
9.233333333333333393e-01
9.258333333333332860e-01
9.241666666666666918e-01
9.300000000000000488e-01
9.324999999999999956e-01
9.258333333333332860e-01
9.408333333333332993e-01
9.266666666666666385e-01
9.433333333333333570e-01
9.491666666666667140e-01
9.358333333333332948e-01
9.375000000000000000e-01
9.483333333333333615e-01
9.341666666666667007e-01
9.449999999999999512e-01
9.266666666666666385e-01
9.324999999999999956e-01
9.041666666666666741e-01
9.241666666666666918e-01
9.174999999999999822e-01
9.433333333333333570e-01
9.200000000000000400e-01
8.891666666666666607e-01
9.250000000000000444e-01
9.433333333333333570e-01
9.458333333333333037e-01
9.274999999999999911e-01
9.391666666666667052e-01
9.283333333333333437e-01
9.300000000000000488e-01
9.499999999999999556e-01
9.250000000000000444e-01
9.491666666666667140e-01
9.408333333333332993e-01
9.391666666666667052e-01
9.208333333333332815e-01
9.458333333333333037e-01
9.575000000000000178e-01
9.566666666666666652e-01
9.541666666666667185e-01
9.533333333333333659e-01
9.549999999999999600e-01
9.549999999999999600e-01
9.525000000000000133e-01
9.566666666666666652e-01
9.566666666666666652e-01
9.558333333333333126e-01
9.566666666666666652e-01
9.558333333333333126e-01
9.533333333333333659e-01
9.541666666666667185e-01
9.566666666666666652e-01
