7.308333333333333348e-01
8.116666666666666474e-01
8.475000000000000311e-01
7.941666666666666874e-01
8.558333333333333348e-01
8.783333333333332993e-01
8.508333333333333304e-01
8.308333333333333126e-01
5.074999999999999512e-01
8.608333333333333393e-01
8.675000000000000488e-01
8.733333333333332948e-01
8.924999999999999600e-01
8.933333333333333126e-01
9.024999999999999689e-01
8.833333333333333037e-01
8.950000000000000178e-01
9.166666666666666297e-01
9.200000000000000400e-01
9.391666666666667052e-01
9.433333333333333570e-01
9.174999999999999822e-01
9.250000000000000444e-01
9.233333333333333393e-01
8.858333333333333615e-01
9.100000000000000311e-01
9.341666666666667007e-01
9.366666666666666474e-01
9.499999999999999556e-01
8.858333333333333615e-01
9.499999999999999556e-01
9.308333333333332904e-01
8.758333333333333526e-01
9.583333333333333703e-01
9.508333333333333082e-01
9.425000000000000044e-01
9.283333333333333437e-01
9.383333333333333526e-01
8.900000000000000133e-01
9.625000000000000222e-01
9.599999999999999645e-01
9.499999999999999556e-01
9.341666666666667007e-01
9.224999999999999867e-01
9.266666666666666385e-01
9.558333333333333126e-01
9.433333333333333570e-01
9.516666666666666607e-01
9.575000000000000178e-01
9.608333333333333171e-01
9.391666666666667052e-01
9.416666666666666519e-01
9.375000000000000000e-01
9.599999999999999645e-01
9.466666666666666563e-01
9.491666666666667140e-01
9.591666666666666119e-01
9.608333333333333171e-01
9.491666666666667140e-01
9.675000000000000266e-01
9.508333333333333082e-01
9.541666666666667185e-01
9.566666666666666652e-01
9.566666666666666652e-01
9.449999999999999512e-01
9.383333333333333526e-01
9.641666666666666163e-01
9.633333333333333748e-01
9.608333333333333171e-01
9.416666666666666519e-01
9.516666666666666607e-01
8.675000000000000488e-01
9.583333333333333703e-01
9.575000000000000178e-01
9.549999999999999600e-01
9.441666666666667096e-01
9.491666666666667140e-01
9.008333333333333748e-01
9.616666666666666696e-01
9.641666666666666163e-01
9.499999999999999556e-01
9.683333333333333792e-01
9.525000000000000133e-01
9.591666666666666119e-01
9.566666666666666652e-01
9.616666666666666696e-01
9.558333333333333126e-01
9.533333333333333659e-01
9.016666666666666163e-01
9.358333333333332948e-01
9.575000000000000178e-01
9.508333333333333082e-01
9.649999999999999689e-01
9.608333333333333171e-01
9.608333333333333171e-01
9.616666666666666696e-01
9.633333333333333748e-01
9.641666666666666163e-01
9.625000000000000222e-01
9.649999999999999689e-01
