7.283333333333333881e-01
8.391666666666666163e-01
7.233333333333333837e-01
8.708333333333333481e-01
8.683333333333332904e-01
8.216666666666666563e-01
8.599999999999999867e-01
8.774999999999999467e-01
8.800000000000000044e-01
8.733333333333332948e-01
8.708333333333333481e-01
8.891666666666666607e-01
8.991666666666666696e-01
8.641666666666666385e-01
8.716666666666667007e-01
8.808333333333333570e-01
8.750000000000000000e-01
9.224999999999999867e-01
9.108333333333333837e-01
8.649999999999999911e-01
8.733333333333332948e-01
9.050000000000000266e-01
9.133333333333333304e-01
8.716666666666667007e-01
9.208333333333332815e-01
9.066666666666666208e-01
9.166666666666666297e-01
9.291666666666666963e-01
9.041666666666666741e-01
8.974999999999999645e-01
8.191666666666667096e-01
9.166666666666666297e-01
9.300000000000000488e-01
9.375000000000000000e-01
9.316666666666666430e-01
9.258333333333332860e-01
9.233333333333333393e-01
9.224999999999999867e-01
9.216666666666666341e-01
9.224999999999999867e-01
9.233333333333333393e-01
9.358333333333332948e-01
9.200000000000000400e-01
8.824999999999999512e-01
8.233333333333333615e-01
8.924999999999999600e-01
9.266666666666666385e-01
8.924999999999999600e-01
9.166666666666666297e-01
9.291666666666666963e-01
9.308333333333332904e-01
9.200000000000000400e-01
9.416666666666666519e-01
9.375000000000000000e-01
9.341666666666667007e-01
9.383333333333333526e-01
9.350000000000000533e-01
9.416666666666666519e-01
9.174999999999999822e-01
9.399999999999999467e-01
9.341666666666667007e-01
9.341666666666667007e-01
9.491666666666667140e-01
9.341666666666667007e-01
9.441666666666667096e-01
9.591666666666666119e-01
9.399999999999999467e-01
8.924999999999999600e-01
9.233333333333333393e-01
9.366666666666666474e-01
9.425000000000000044e-01
9.408333333333332993e-01
9.366666666666666474e-01
9.341666666666667007e-01
9.041666666666666741e-01
9.508333333333333082e-01
9.291666666666666963e-01
9.366666666666666474e-01
9.416666666666666519e-01
9.366666666666666474e-01
9.158333333333333881e-01
9.350000000000000533e-01
9.233333333333333393e-01
9.425000000000000044e-01
9.508333333333333082e-01
9.300000000000000488e-01
9.516666666666666607e-01
9.541666666666667185e-01
9.549999999999999600e-01
9.483333333333333615e-01
9.416666666666666519e-01
9.483333333333333615e-01
9.549999999999999600e-01
9.558333333333333126e-01
9.575000000000000178e-01
9.575000000000000178e-01
9.575000000000000178e-01
9.566666666666666652e-01
9.566666666666666652e-01
9.566666666666666652e-01
