1.339075803756713867e+00
1.068088054656982422e+00
8.002916574478149414e-01
9.946819543838500977e-01
7.258800268173217773e-01
6.482369303703308105e-01
6.092252731323242188e-01
5.314086675643920898e-01
3.840804100036621094e-01
5.344260931015014648e-01
3.866401910781860352e-01
4.155138134956359863e-01
3.571073412895202637e-01
1.966500431299209595e-01
2.788722515106201172e-01
2.332251220941543579e-01
4.083438515663146973e-01
3.124219477176666260e-01
3.745968937873840332e-01
3.376047909259796143e-01
1.596990674734115601e-01
1.888188868761062622e-01
2.452785819768905640e-01
2.628600001335144043e-01
2.307813912630081177e-01
1.943941563367843628e-01
1.146401464939117432e-01
2.230989784002304077e-01
1.966895759105682373e-01
7.627205550670623779e-02
1.246967986226081848e-01
2.722699046134948730e-01
7.529752701520919800e-02
2.539270222187042236e-01
1.454990059137344360e-01
1.237378716468811035e-01
3.320832848548889160e-01
1.593597531318664551e-01
1.576609462499618530e-01
2.222331315279006958e-01
2.393318861722946167e-01
3.312810659408569336e-01
2.712436914443969727e-01
4.046297669410705566e-01
1.953384578227996826e-01
3.228209540247917175e-02
1.365564912557601929e-01
4.232351183891296387e-01
2.096514403820037842e-01
1.516004502773284912e-01
1.518910229206085205e-01
1.797434985637664795e-01
3.004557490348815918e-01
1.929502636194229126e-01
1.788673549890518188e-01
3.843936920166015625e-01
1.058678850531578064e-01
9.132441878318786621e-02
1.993484795093536377e-01
6.910429149866104126e-02
1.537739783525466919e-01
3.684469759464263916e-01
1.530204415321350098e-01
3.579806387424468994e-01
1.263935416936874390e-01
5.938227474689483643e-02
1.082469671964645386e-01
1.096133217215538025e-01
1.717407852411270142e-01
2.651714086532592773e-01
1.417314708232879639e-01
2.270844280719757080e-01
6.277583539485931396e-02
1.291620135307312012e-01
1.780134886503219604e-01
2.006710767745971680e-01
1.385317742824554443e-01
2.162972986698150635e-01
1.374582350254058838e-01
7.338959723711013794e-02
2.709702253341674805e-01
3.010335937142372131e-02
3.544112294912338257e-02
2.380656301975250244e-01
2.491242438554763794e-01
7.321476191282272339e-02
1.152071133255958557e-01
2.239123135805130005e-01
5.116387829184532166e-02
2.460393458604812622e-01
3.009230792522430420e-01
1.997589915990829468e-01
2.435964643955230713e-01
9.292045235633850098e-02
2.256593853235244751e-02
2.697637118399143219e-02
6.934604048728942871e-02
1.256135292351245880e-02
1.685209870338439941e-01
5.950942263007164001e-02
