5.308333333333333792e-01
5.999999999999999778e-01
7.158333333333333215e-01
7.299999999999999822e-01
7.650000000000000133e-01
8.708333333333333481e-01
8.183333333333333570e-01
8.816666666666667096e-01
8.599999999999999867e-01
8.649999999999999911e-01
8.900000000000000133e-01
8.591666666666666341e-01
8.408333333333333215e-01
8.683333333333332904e-01
8.458333333333333259e-01
8.591666666666666341e-01
8.808333333333333570e-01
9.041666666666666741e-01
8.883333333333333082e-01
8.891666666666666607e-01
8.866666666666667140e-01
8.941666666666666652e-01
9.050000000000000266e-01
9.058333333333333792e-01
8.616666666666666918e-01
8.900000000000000133e-01
9.041666666666666741e-01
9.041666666666666741e-01
8.541666666666666297e-01
9.066666666666666208e-01
9.124999999999999778e-01
9.108333333333333837e-01
9.008333333333333748e-01
8.800000000000000044e-01
9.074999999999999734e-01
8.966666666666666119e-01
9.091666666666666785e-01
9.158333333333333881e-01
9.150000000000000355e-01
9.141666666666666829e-01
9.108333333333333837e-01
9.074999999999999734e-01
9.058333333333333792e-01
9.133333333333333304e-01
9.050000000000000266e-01
9.150000000000000355e-01
8.216666666666666563e-01
9.108333333333333837e-01
9.141666666666666829e-01
9.050000000000000266e-01
9.250000000000000444e-01
9.150000000000000355e-01
9.216666666666666341e-01
9.183333333333333348e-01
9.224999999999999867e-01
9.183333333333333348e-01
8.883333333333333082e-01
9.116666666666666252e-01
8.916666666666667185e-01
9.274999999999999911e-01
9.216666666666666341e-01
9.208333333333332815e-01
9.208333333333332815e-01
9.100000000000000311e-01
9.258333333333332860e-01
9.124999999999999778e-01
9.208333333333332815e-01
9.250000000000000444e-01
9.224999999999999867e-01
9.250000000000000444e-01
9.200000000000000400e-01
8.716666666666667007e-01
9.191666666666666874e-01
9.216666666666666341e-01
9.166666666666666297e-01
9.224999999999999867e-01
9.241666666666666918e-01
9.183333333333333348e-01
9.216666666666666341e-01
9.183333333333333348e-01
9.100000000000000311e-01
9.250000000000000444e-01
9.216666666666666341e-01
9.091666666666666785e-01
9.208333333333332815e-01
9.041666666666666741e-01
9.216666666666666341e-01
9.241666666666666918e-01
9.274999999999999911e-01
9.191666666666666874e-01
8.874999999999999556e-01
8.824999999999999512e-01
9.224999999999999867e-01
9.274999999999999911e-01
9.300000000000000488e-01
9.116666666666666252e-01
9.291666666666666963e-01
9.074999999999999734e-01
9.291666666666666963e-01
9.250000000000000444e-01
