1.312806129455566406e+00
1.070397615432739258e+00
8.870432376861572266e-01
7.389870882034301758e-01
5.717716217041015625e-01
4.582764208316802979e-01
4.629830718040466309e-01
2.763596177101135254e-01
2.692475318908691406e-01
4.202969968318939209e-01
4.041992723941802979e-01
3.040196299552917480e-01
2.843905985355377197e-01
3.596093654632568359e-01
1.993756443262100220e-01
1.101426929235458374e-01
2.375726550817489624e-01
3.900800943374633789e-01
1.362684965133666992e-01
1.987486183643341064e-01
1.517972350120544434e-01
3.058546185493469238e-01
1.000361293554306030e-01
2.394102662801742554e-01
3.410376012325286865e-01
4.486312866210937500e-01
2.694553136825561523e-01
1.535680294036865234e-01
1.117308586835861206e-01
2.374145388603210449e-01
1.569624841213226318e-01
9.762392938137054443e-02
2.325762212276458740e-01
1.595345586538314819e-01
2.618578672409057617e-01
1.290369629859924316e-01
1.235385462641716003e-01
2.941478490829467773e-01
2.918540313839912415e-02
1.426524817943572998e-01
2.384719550609588623e-01
1.180900558829307556e-01
2.285024821758270264e-01
1.183312833309173584e-01
2.101621180772781372e-01
7.688716053962707520e-02
4.819645360112190247e-02
1.007453948259353638e-01
2.828044593334197998e-01
2.214937359094619751e-01
2.334499061107635498e-01
1.500754058361053467e-01
2.109426856040954590e-01
1.859823167324066162e-01
4.053966999053955078e-01
3.466429114341735840e-01
1.641279309988021851e-01
1.400530040264129639e-01
1.145531311631202698e-01
2.432283461093902588e-01
2.031403183937072754e-01
6.510684639215469360e-02
6.892595440149307251e-02
1.903983056545257568e-01
5.877912789583206177e-02
1.098545715212821960e-01
8.117867261171340942e-02
1.324298679828643799e-01
1.763103157281875610e-01
9.470371901988983154e-02
4.132985323667526245e-02
9.811305999755859375e-02
2.460738122463226318e-01
7.852414995431900024e-02
7.022210955619812012e-02
7.146062701940536499e-02
1.223272532224655151e-01
1.179053187370300293e-01
5.562495067715644836e-02
1.720195710659027100e-01
1.171648949384689331e-01
2.452372573316097260e-02
1.922066211700439453e-01
3.251653164625167847e-02
7.949569821357727051e-02
1.999050527811050415e-01
5.248452350497245789e-02
4.726370796561241150e-02
9.487324208021163940e-02
6.110674142837524414e-02
1.186202019453048706e-01
2.460718601942062378e-01
1.448171492666006088e-02
5.233878642320632935e-02
8.621119707822799683e-02
4.711586609482765198e-02
1.211652085185050964e-01
3.979826718568801880e-02
3.039819560945034027e-02
6.839214265346527100e-02
