1.273414611816406250e+00
1.218589067459106445e+00
9.620178937911987305e-01
8.535599708557128906e-01
6.355431079864501953e-01
5.593544244766235352e-01
5.139658451080322266e-01
3.927059173583984375e-01
3.380234241485595703e-01
3.295983374118804932e-01
2.567400336265563965e-01
2.683854401111602783e-01
4.310146868228912354e-01
3.874764442443847656e-01
1.826108694076538086e-01
2.130829989910125732e-01
1.307546496391296387e-01
2.091678082942962646e-01
3.077566027641296387e-01
1.426472514867782593e-01
2.340405434370040894e-01
2.808642387390136719e-01
3.093525767326354980e-01
2.327824980020523071e-01
3.240151703357696533e-01
2.324355095624923706e-01
2.344993501901626587e-01
2.930236160755157471e-01
2.390128523111343384e-01
1.455433070659637451e-01
2.776533961296081543e-01
5.015937089920043945e-01
3.055445849895477295e-01
1.148410290479660034e-01
5.213478580117225647e-02
1.029994487762451172e-01
2.133892178535461426e-01
2.667227983474731445e-01
2.329107522964477539e-01
2.453392744064331055e-01
1.236001178622245789e-01
2.851105928421020508e-01
2.330888658761978149e-01
2.043990790843963623e-01
2.934640049934387207e-01
4.840208217501640320e-02
1.839691698551177979e-01
5.735089778900146484e-01
8.602119982242584229e-02
4.332791641354560852e-02
1.666346043348312378e-01
1.388469338417053223e-01
2.350108325481414795e-01
2.904684245586395264e-01
1.954599022865295410e-01
2.952281236648559570e-01
8.705053478479385376e-02
2.094916403293609619e-01
7.356203347444534302e-02
1.381898224353790283e-01
6.339485943317413330e-02
1.403874065726995468e-02
6.188638135790824890e-02
8.773142099380493164e-02
7.694026827812194824e-02
1.117993295192718506e-01
1.629527211189270020e-01
9.294155240058898926e-02
6.654288619756698608e-02
5.650365352630615234e-02
2.006534636020660400e-01
8.234648406505584717e-02
1.032199189066886902e-01
2.322086840867996216e-01
1.795459240674972534e-01
2.009663581848144531e-01
7.371699064970016479e-02
1.529493033885955811e-01
8.057685196399688721e-02
1.956801414489746094e-01
2.879909984767436981e-02
1.322581768035888672e-01
6.667178869247436523e-02
6.300756335258483887e-02
1.504427045583724976e-01
2.832804061472415924e-02
2.280383259057998657e-01
3.845317661762237549e-02
7.263354212045669556e-02
7.147619128227233887e-02
8.112642168998718262e-02
9.170790761709213257e-02
1.114141270518302917e-01
6.969324499368667603e-02
4.463670775294303894e-02
2.352924793958663940e-01
6.997682154178619385e-02
5.843466520309448242e-02
1.248619332909584045e-01
5.163052678108215332e-02
