1.243406653404235840e+00
1.081395506858825684e+00
8.243329524993896484e-01
6.722858548164367676e-01
5.119711160659790039e-01
4.806276261806488037e-01
4.588333070278167725e-01
2.487709373235702515e-01
3.771675825119018555e-01
3.159228563308715820e-01
3.806648254394531250e-01
3.765206634998321533e-01
3.226745128631591797e-01
2.803324162960052490e-01
3.051582276821136475e-01
1.662555038928985596e-01
2.706256508827209473e-01
2.366880774497985840e-01
2.568497657775878906e-01
1.613564789295196533e-01
1.961666792631149292e-01
1.687563508749008179e-01
2.655577659606933594e-01
2.152033001184463501e-01
2.686967849731445312e-01
4.083028435707092285e-01
1.984138488769531250e-01
3.828115761280059814e-01
3.237227201461791992e-01
1.335885673761367798e-01
3.695509433746337891e-01
2.805200219154357910e-01
4.279953241348266602e-01
3.289762437343597412e-01
2.761592268943786621e-01
1.282541751861572266e-01
2.013581395149230957e-01
2.078486680984497070e-01
1.023842543363571167e-01
2.073405385017395020e-01
1.952467560768127441e-01
2.117921411991119385e-01
2.006990909576416016e-01
6.703337281942367554e-02
1.465527415275573730e-01
2.269110083580017090e-01
3.141467869281768799e-01
2.950992286205291748e-01
2.143655717372894287e-01
1.921031624078750610e-01
5.838359519839286804e-02
3.114688023924827576e-02
3.875611424446105957e-01
1.368388533592224121e-01
3.319458365440368652e-01
8.870494365692138672e-02
8.926877379417419434e-02
3.537279367446899414e-01
1.786761581897735596e-01
1.567260324954986572e-01
1.417717188596725464e-01
6.836026161909103394e-02
2.243903726339340210e-01
1.160894334316253662e-01
1.716791987419128418e-01
2.919925451278686523e-01
1.856376230716705322e-01
1.141017153859138489e-01
1.158549934625625610e-01
1.204812973737716675e-01
1.365874111652374268e-01
9.794028103351593018e-02
8.012150973081588745e-02
1.423957049846649170e-01
1.277657747268676758e-01
2.525145709514617920e-01
4.740140214562416077e-02
2.419865503907203674e-02
9.995827078819274902e-02
1.356700956821441650e-01
1.885107010602951050e-01
1.753884851932525635e-01
8.091082423925399780e-02
9.194511920213699341e-02
3.557575121521949768e-02
8.555562049150466919e-02
7.198042422533035278e-02
1.181720755994319916e-02
4.083325713872909546e-02
2.122428715229034424e-01
4.711765050888061523e-02
7.137515395879745483e-02
3.004604279994964600e-01
7.477643340826034546e-02
6.191769987344741821e-02
8.146454393863677979e-02
1.157187148928642273e-01
2.467142641544342041e-01
1.075118035078048706e-01
2.073600441217422485e-01
