1.277408599853515625e+00
1.095477104187011719e+00
8.719196319580078125e-01
7.893218398094177246e-01
6.281225681304931641e-01
5.042426586151123047e-01
5.221793651580810547e-01
2.991056144237518311e-01
2.440509796142578125e-01
3.290858566761016846e-01
3.907228708267211914e-01
2.379419356584548950e-01
3.475123345851898193e-01
2.849591970443725586e-01
1.941577494144439697e-01
3.160346150398254395e-01
2.294232547283172607e-01
1.917290389537811279e-01
1.706225574016571045e-01
3.136666417121887207e-01
1.093290001153945923e-01
5.076242685317993164e-01
3.768429756164550781e-01
3.189956247806549072e-01
3.094990849494934082e-01
1.919761002063751221e-01
1.866789758205413818e-01
1.208449825644493103e-01
2.545636296272277832e-01
2.242370843887329102e-01
1.688724160194396973e-01
2.056609690189361572e-01
1.442795544862747192e-01
5.141602754592895508e-01
1.924515068531036377e-01
1.704464107751846313e-01
1.845584511756896973e-01
3.088572919368743896e-01
3.272540569305419922e-01
7.361559569835662842e-02
1.205222159624099731e-01
7.121962308883666992e-02
1.729338169097900391e-01
1.697751134634017944e-01
3.354663029313087463e-02
5.351195335388183594e-01
1.297031491994857788e-01
6.196703761816024780e-02
3.290137648582458496e-01
5.571465939283370972e-02
1.620495319366455078e-01
1.084030792117118835e-01
1.448565572500228882e-01
1.103116273880004883e-01
9.152010828256607056e-02
7.632365822792053223e-02
1.354500055313110352e-01
1.004598438739776611e-01
1.261921823024749756e-01
1.423587352037429810e-01
1.284845173358917236e-01
1.612559407949447632e-01
1.713296771049499512e-01
3.526658564805984497e-02
8.589103817939758301e-02
6.603605300188064575e-02
3.478909283876419067e-02
2.129107341170310974e-02
1.898739635944366455e-01
3.737767413258552551e-02
2.132325172424316406e-01
5.471483469009399414e-01
2.185961753129959106e-01
1.793102733790874481e-02
8.970408141613006592e-02
1.379217207431793213e-01
1.947959139943122864e-02
1.713254451751708984e-01
3.076993115246295929e-02
1.191204562783241272e-01
1.181079298257827759e-01
1.332793682813644409e-01
6.178829818964004517e-02
8.693042397499084473e-02
2.684447467327117920e-01
1.119122058153152466e-01
6.325493752956390381e-02
1.058129444718360901e-01
3.653698563575744629e-01
5.364139378070831299e-02
7.402459532022476196e-02
1.400249898433685303e-01
3.383640646934509277e-01
1.071197092533111572e-01
1.397488713264465332e-01
8.793716132640838623e-02
2.920918166637420654e-01
1.404250413179397583e-01
2.139517068862915039e-01
4.370788484811782837e-02
