1.256857514381408691e+00
9.775622487068176270e-01
9.050480127334594727e-01
7.356925606727600098e-01
5.413676500320434570e-01
3.786132931709289551e-01
5.026757121086120605e-01
3.056262135505676270e-01
2.455054670572280884e-01
3.375120759010314941e-01
4.067811965942382812e-01
4.483302831649780273e-01
3.488709330558776855e-01
3.027999401092529297e-01
2.576545178890228271e-01
3.271686732769012451e-01
1.324777305126190186e-01
2.831481695175170898e-01
3.710189163684844971e-01
1.757363080978393555e-01
3.718559443950653076e-02
2.662929892539978027e-01
3.500036895275115967e-01
2.446430027484893799e-01
1.654545664787292480e-01
2.452776283025741577e-01
3.599267303943634033e-01
2.808227539062500000e-01
1.445559859275817871e-01
1.575314402580261230e-01
2.393092364072799683e-01
4.431185722351074219e-01
4.581418633460998535e-01
1.308885961771011353e-01
1.189900934696197510e-01
3.691055774688720703e-01
1.568430215120315552e-01
5.854588747024536133e-02
2.759847939014434814e-01
1.532113254070281982e-01
1.871042996644973755e-01
1.685298383235931396e-01
1.419171690940856934e-01
2.098664343357086182e-01
7.687765359878540039e-02
7.975444197654724121e-02
1.106449663639068604e-01
4.136954993009567261e-02
1.113720983266830444e-01
1.000600010156631470e-01
8.918692171573638916e-02
8.687587082386016846e-02
2.459467649459838867e-01
2.550512552261352539e-01
2.532742321491241455e-01
4.594638347625732422e-01
7.828570902347564697e-02
2.046387493610382080e-01
1.808340847492218018e-01
4.073438346385955811e-01
1.375397294759750366e-01
1.494386792182922363e-01
1.232625097036361694e-01
6.628603488206863403e-02
1.145349442958831787e-01
8.661958575248718262e-02
3.258170485496520996e-01
1.094963997602462769e-01
1.446929425001144409e-01
3.418058753013610840e-01
6.460513919591903687e-02
1.181596443057060242e-01
3.133289515972137451e-02
1.461613774299621582e-01
1.400547772645950317e-01
1.114835888147354126e-01
1.470010280609130859e-01
5.482634156942367554e-02
9.822918474674224854e-02
2.646833658218383789e-02
1.128680258989334106e-01
1.487626433372497559e-01
3.511822968721389771e-02
3.028325177729129791e-02
1.877040863037109375e-01
9.048519283533096313e-02
7.742767035961151123e-02
1.120444014668464661e-01
1.220780685544013977e-01
7.986208796501159668e-02
1.851928234100341797e-01
4.093556404113769531e-01
9.830191731452941895e-02
5.086851865053176880e-02
1.191088631749153137e-01
4.680523648858070374e-02
8.797021582722663879e-03
6.082081794738769531e-02
4.488061740994453430e-02
7.115726917982101440e-02
