1.369676589965820312e+00
1.032676458358764648e+00
1.051522970199584961e+00
9.681334495544433594e-01
7.399390339851379395e-01
5.295792818069458008e-01
5.454215407371520996e-01
5.370297431945800781e-01
5.479695796966552734e-01
2.438369095325469971e-01
2.903263270854949951e-01
2.053635567426681519e-01
4.106881618499755859e-01
3.476600050926208496e-01
3.488876819610595703e-01
3.534008562564849854e-01
2.791548371315002441e-01
2.850984930992126465e-01
3.433678746223449707e-01
3.203133940696716309e-01
2.464673519134521484e-01
3.064266741275787354e-01
3.112536370754241943e-01
2.568025290966033936e-01
1.141529679298400879e-01
1.813848018646240234e-01
1.600886881351470947e-01
1.399644464254379272e-01
1.878603696823120117e-01
2.021056264638900757e-01
1.481387913227081299e-01
4.643110632896423340e-01
1.890890896320343018e-01
2.152417004108428955e-01
1.485025584697723389e-01
3.364057838916778564e-01
2.339165657758712769e-01
9.902703762054443359e-02
1.562598645687103271e-01
2.877244353294372559e-01
3.046257197856903076e-01
6.503333896398544312e-02
1.136315166950225830e-01
1.268500983715057373e-01
2.099204957485198975e-01
2.778899073600769043e-01
9.208782017230987549e-02
1.803951561450958252e-01
2.021852880716323853e-01
1.232823356986045837e-01
1.723252534866333008e-01
1.618095338344573975e-01
1.625234633684158325e-01
7.978951930999755859e-02
2.732448577880859375e-01
9.779424965381622314e-02
1.674147844314575195e-01
7.826354354619979858e-02
1.968604922294616699e-01
2.445866167545318604e-01
3.121061623096466064e-01
1.316805183887481689e-01
1.176303103566169739e-01
6.408131867647171021e-02
1.767246574163436890e-01
1.906859278678894043e-01
1.072520092129707336e-01
9.565682709217071533e-02
9.457181394100189209e-02
2.006694376468658447e-01
1.908819079399108887e-01
1.044449359178543091e-01
1.136012673377990723e-01
2.268956601619720459e-01
2.718490920960903168e-02
6.073013693094253540e-02
1.872348189353942871e-01
1.441314816474914551e-01
6.171983480453491211e-02
7.674280554056167603e-02
1.460306495428085327e-01
8.407654613256454468e-02
1.340223699808120728e-01
1.228025257587432861e-01
1.390974670648574829e-01
3.351158648729324341e-02
1.787920743227005005e-01
1.119992434978485107e-01
1.130956560373306274e-01
1.070826798677444458e-01
1.520897448062896729e-01
2.989783883094787598e-01
2.187734246253967285e-01
1.963568478822708130e-01
2.618128359317779541e-01
7.360374182462692261e-02
6.367969326674938202e-03
8.134132623672485352e-02
9.257450699806213379e-02
1.240132972598075867e-01
