5.350000000000000311e-01
5.758333333333333082e-01
7.383333333333332860e-01
7.399999999999999911e-01
7.850000000000000311e-01
8.199999999999999512e-01
8.649999999999999911e-01
7.566666666666667096e-01
8.233333333333333615e-01
8.708333333333333481e-01
8.299999999999999600e-01
8.425000000000000266e-01
8.733333333333332948e-01
8.758333333333333526e-01
8.741666666666666474e-01
8.408333333333333215e-01
8.575000000000000400e-01
8.716666666666667007e-01
8.716666666666667007e-01
8.375000000000000222e-01
8.766666666666667052e-01
8.800000000000000044e-01
8.758333333333333526e-01
8.816666666666667096e-01
8.733333333333332948e-01
8.275000000000000133e-01
8.891666666666666607e-01
8.808333333333333570e-01
8.741666666666666474e-01
8.924999999999999600e-01
8.791666666666666519e-01
8.908333333333333659e-01
8.866666666666667140e-01
8.891666666666666607e-01
8.850000000000000089e-01
8.866666666666667140e-01
8.908333333333333659e-01
8.900000000000000133e-01
8.800000000000000044e-01
8.958333333333333703e-01
8.883333333333333082e-01
8.924999999999999600e-01
9.000000000000000222e-01
8.924999999999999600e-01
8.900000000000000133e-01
9.024999999999999689e-01
8.958333333333333703e-01
8.941666666666666652e-01
9.033333333333333215e-01
9.016666666666666163e-01
8.958333333333333703e-01
9.024999999999999689e-01
9.050000000000000266e-01
9.024999999999999689e-01
8.891666666666666607e-01
9.000000000000000222e-01
8.924999999999999600e-01
9.016666666666666163e-01
9.033333333333333215e-01
8.933333333333333126e-01
9.016666666666666163e-01
9.058333333333333792e-01
9.100000000000000311e-01
8.824999999999999512e-01
9.016666666666666163e-01
9.091666666666666785e-01
8.866666666666667140e-01
9.041666666666666741e-01
9.024999999999999689e-01
9.024999999999999689e-01
8.974999999999999645e-01
9.016666666666666163e-01
9.074999999999999734e-01
9.074999999999999734e-01
9.141666666666666829e-01
9.058333333333333792e-01
9.016666666666666163e-01
9.141666666666666829e-01
9.100000000000000311e-01
9.116666666666666252e-01
9.133333333333333304e-01
9.141666666666666829e-01
9.066666666666666208e-01
9.124999999999999778e-01
9.133333333333333304e-01
9.191666666666666874e-01
9.183333333333333348e-01
9.074999999999999734e-01
9.166666666666666297e-01
9.024999999999999689e-01
9.074999999999999734e-01
9.058333333333333792e-01
9.116666666666666252e-01
9.183333333333333348e-01
9.100000000000000311e-01
9.216666666666666341e-01
9.141666666666666829e-01
9.124999999999999778e-01
9.124999999999999778e-01
9.191666666666666874e-01
