1.283494591712951660e+00
1.079308032989501953e+00
1.096146821975708008e+00
9.137879014015197754e-01
8.140142560005187988e-01
5.963929295539855957e-01
3.919049501419067383e-01
6.038091182708740234e-01
4.702720046043395996e-01
2.546434998512268066e-01
3.033212423324584961e-01
2.865619063377380371e-01
4.355131685733795166e-01
1.847988814115524292e-01
1.455910056829452515e-01
2.131212055683135986e-01
3.919782638549804688e-01
2.323305010795593262e-01
2.330569773912429810e-01
2.319471836090087891e-01
1.587033271789550781e-01
3.892983794212341309e-01
1.422441303730010986e-01
3.184574246406555176e-01
1.652612984180450439e-01
1.012455224990844727e-01
4.096687436103820801e-01
3.048965930938720703e-01
1.008083000779151917e-01
2.788081765174865723e-01
2.490832954645156860e-01
2.647584974765777588e-01
1.942968964576721191e-01
6.820748746395111084e-02
4.292127490043640137e-01
2.117023766040802002e-01
3.395652174949645996e-01
1.115415319800376892e-01
1.436234712600708008e-01
5.423091650009155273e-01
8.108105510473251343e-02
3.323498070240020752e-01
1.808092892169952393e-01
2.650949060916900635e-01
6.963238865137100220e-02
6.800532341003417969e-02
1.279779821634292603e-01
7.322005927562713623e-02
1.573151648044586182e-01
1.278027594089508057e-01
2.391234636306762695e-01
2.153631150722503662e-01
1.453463137149810791e-01
1.529151350259780884e-01
3.067274987697601318e-01
1.947107911109924316e-01
2.518418431282043457e-01
1.476194858551025391e-01
6.119125708937644958e-02
1.789359599351882935e-01
1.345219314098358154e-01
1.061080843210220337e-01
3.125137984752655029e-01
1.247753575444221497e-01
3.687376081943511963e-01
2.694782018661499023e-01
2.665555775165557861e-01
7.618526369333267212e-02
9.200208634138107300e-02
3.923776373267173767e-02
6.193803995847702026e-02
3.416289687156677246e-01
1.296916007995605469e-01
9.745766222476959229e-02
2.058458924293518066e-01
1.205945611000061035e-01
2.013567090034484863e-01
3.063955307006835938e-01
7.693891227245330811e-02
3.785101771354675293e-01
5.729597061872482300e-02
2.961265444755554199e-01
1.266216635704040527e-01
8.908277004957199097e-02
2.048104405403137207e-01
4.936221987009048462e-02
2.984189987182617188e-02
1.260740011930465698e-01
3.179265558719635010e-01
1.582719832658767700e-01
2.830874547362327576e-02
7.644161581993103027e-02
4.128693044185638428e-02
6.904007494449615479e-02
6.827212870121002197e-02
8.793344348669052124e-02
9.948457591235637665e-03
7.259718328714370728e-02
1.470606774091720581e-01
4.085183739662170410e-01
