5.566666666666666430e-01
7.099999999999999645e-01
7.941666666666666874e-01
8.366666666666666696e-01
8.383333333333333748e-01
8.475000000000000311e-01
8.666666666666666963e-01
8.566666666666666874e-01
8.683333333333332904e-01
8.366666666666666696e-01
8.266666666666666607e-01
8.783333333333332993e-01
8.733333333333332948e-01
8.750000000000000000e-01
8.741666666666666474e-01
8.616666666666666918e-01
8.874999999999999556e-01
8.683333333333332904e-01
8.833333333333333037e-01
8.733333333333332948e-01
8.850000000000000089e-01
8.900000000000000133e-01
8.733333333333332948e-01
8.900000000000000133e-01
8.375000000000000222e-01
8.900000000000000133e-01
8.525000000000000355e-01
8.808333333333333570e-01
8.649999999999999911e-01
8.950000000000000178e-01
8.874999999999999556e-01
9.000000000000000222e-01
9.041666666666666741e-01
8.966666666666666119e-01
8.933333333333333126e-01
8.991666666666666696e-01
8.983333333333333171e-01
8.891666666666666607e-01
9.033333333333333215e-01
8.933333333333333126e-01
8.866666666666667140e-01
9.083333333333333259e-01
9.083333333333333259e-01
9.008333333333333748e-01
9.041666666666666741e-01
9.124999999999999778e-01
9.041666666666666741e-01
9.100000000000000311e-01
9.108333333333333837e-01
9.041666666666666741e-01
9.150000000000000355e-01
8.933333333333333126e-01
9.133333333333333304e-01
9.108333333333333837e-01
8.924999999999999600e-01
9.041666666666666741e-01
9.133333333333333304e-01
9.091666666666666785e-01
9.200000000000000400e-01
9.208333333333332815e-01
9.166666666666666297e-01
8.908333333333333659e-01
8.883333333333333082e-01
9.191666666666666874e-01
9.224999999999999867e-01
8.933333333333333126e-01
9.174999999999999822e-01
9.166666666666666297e-01
9.091666666666666785e-01
9.216666666666666341e-01
9.091666666666666785e-01
9.041666666666666741e-01
9.200000000000000400e-01
9.216666666666666341e-01
9.250000000000000444e-01
9.166666666666666297e-01
9.283333333333333437e-01
9.241666666666666918e-01
9.258333333333332860e-01
9.266666666666666385e-01
9.216666666666666341e-01
9.200000000000000400e-01
9.191666666666666874e-01
9.224999999999999867e-01
9.224999999999999867e-01
9.241666666666666918e-01
8.725000000000000533e-01
9.208333333333332815e-01
9.108333333333333837e-01
9.191666666666666874e-01
9.208333333333332815e-01
9.258333333333332860e-01
9.250000000000000444e-01
9.191666666666666874e-01
9.191666666666666874e-01
9.300000000000000488e-01
9.291666666666666963e-01
9.308333333333332904e-01
8.974999999999999645e-01
9.150000000000000355e-01
