1.333526849746704102e+00
1.103944778442382812e+00
9.737336039543151855e-01
7.071481347084045410e-01
6.996330022811889648e-01
7.152748107910156250e-01
3.578422963619232178e-01
3.970092535018920898e-01
4.353961646556854248e-01
4.068854451179504395e-01
3.365110754966735840e-01
4.907777607440948486e-01
3.375750482082366943e-01
2.391132712364196777e-01
2.964379787445068359e-01
2.052525728940963745e-01
3.072535991668701172e-01
3.757496774196624756e-01
3.956511318683624268e-01
2.635364532470703125e-01
2.597580254077911377e-01
2.839708924293518066e-01
1.047376096248626709e-01
2.100862115621566772e-01
2.650670409202575684e-01
2.288604527711868286e-01
3.978441357612609863e-01
2.050756812095642090e-01
2.077895402908325195e-01
2.304256707429885864e-01
2.656205594539642334e-01
3.547663092613220215e-01
1.204531118273735046e-01
1.010388135910034180e-01
3.570960760116577148e-01
9.537659585475921631e-02
2.428598105907440186e-01
3.721734881401062012e-01
1.334233880043029785e-01
2.441188097000122070e-01
2.720353007316589355e-01
1.086210906505584717e-01
1.503863036632537842e-01
2.153640091419219971e-01
2.666217088699340820e-01
2.012125253677368164e-01
2.342428416013717651e-01
2.719965279102325439e-01
1.034553050994873047e-01
1.070482805371284485e-01
2.782567143440246582e-01
2.692432999610900879e-01
2.484229207038879395e-01
7.415153831243515015e-02
2.004567235708236694e-01
5.739691853523254395e-02
2.617750763893127441e-01
1.560190320014953613e-01
7.528990507125854492e-02
1.427957713603973389e-01
1.008000224828720093e-01
1.343613415956497192e-01
1.894094645977020264e-01
2.612719237804412842e-01
2.441255003213882446e-01
3.016233444213867188e-01
2.883317768573760986e-01
8.839526027441024780e-02
2.812927365303039551e-01
1.068130433559417725e-01
1.841991543769836426e-01
1.532474160194396973e-01
2.130541205406188965e-01
2.847455441951751709e-01
8.614841103553771973e-02
6.432156264781951904e-02
9.120689332485198975e-02
5.829851329326629639e-02
1.140432879328727722e-01
1.415539085865020752e-01
2.847656011581420898e-01
1.369743049144744873e-01
2.713670022785663605e-02
9.302247315645217896e-02
1.891192197799682617e-01
1.972116678953170776e-01
8.062544465065002441e-02
8.638426661491394043e-02
1.517154425382614136e-01
1.319592744112014771e-01
2.455290555953979492e-01
2.467016875743865967e-01
1.230157315731048584e-01
4.885664582252502441e-02
7.740485668182373047e-02
1.580099016427993774e-01
7.728133350610733032e-02
9.243959188461303711e-02
1.370295882225036621e-01
4.503312706947326660e-02
