4.791666666666666852e-01
5.558333333333332904e-01
6.908333333333332993e-01
8.275000000000000133e-01
8.499999999999999778e-01
8.325000000000000178e-01
8.183333333333333570e-01
7.950000000000000400e-01
8.658333333333333437e-01
8.024999999999999911e-01
7.958333333333332815e-01
8.583333333333332815e-01
8.791666666666666519e-01
8.750000000000000000e-01
8.816666666666667096e-01
9.008333333333333748e-01
8.874999999999999556e-01
8.649999999999999911e-01
8.941666666666666652e-01
8.908333333333333659e-01
8.891666666666666607e-01
8.616666666666666918e-01
9.033333333333333215e-01
8.666666666666666963e-01
8.316666666666666652e-01
9.100000000000000311e-01
8.850000000000000089e-01
9.083333333333333259e-01
8.916666666666667185e-01
9.050000000000000266e-01
8.983333333333333171e-01
9.016666666666666163e-01
9.083333333333333259e-01
9.091666666666666785e-01
9.083333333333333259e-01
9.116666666666666252e-01
9.158333333333333881e-01
8.958333333333333703e-01
9.108333333333333837e-01
8.974999999999999645e-01
9.133333333333333304e-01
9.124999999999999778e-01
9.083333333333333259e-01
9.116666666666666252e-01
9.108333333333333837e-01
9.083333333333333259e-01
8.824999999999999512e-01
9.074999999999999734e-01
8.791666666666666519e-01
8.966666666666666119e-01
9.100000000000000311e-01
9.083333333333333259e-01
8.991666666666666696e-01
9.100000000000000311e-01
9.150000000000000355e-01
9.133333333333333304e-01
8.991666666666666696e-01
9.058333333333333792e-01
9.108333333333333837e-01
9.108333333333333837e-01
9.133333333333333304e-01
9.074999999999999734e-01
8.666666666666666963e-01
9.133333333333333304e-01
9.041666666666666741e-01
9.008333333333333748e-01
9.100000000000000311e-01
9.074999999999999734e-01
9.133333333333333304e-01
9.141666666666666829e-01
9.133333333333333304e-01
8.950000000000000178e-01
9.191666666666666874e-01
8.916666666666667185e-01
9.100000000000000311e-01
9.100000000000000311e-01
9.150000000000000355e-01
9.041666666666666741e-01
9.200000000000000400e-01
9.150000000000000355e-01
9.066666666666666208e-01
9.066666666666666208e-01
9.133333333333333304e-01
8.691666666666666430e-01
9.158333333333333881e-01
9.108333333333333837e-01
9.000000000000000222e-01
9.191666666666666874e-01
9.166666666666666297e-01
9.166666666666666297e-01
9.158333333333333881e-01
9.116666666666666252e-01
9.191666666666666874e-01
9.133333333333333304e-01
9.133333333333333304e-01
9.150000000000000355e-01
9.208333333333332815e-01
9.083333333333333259e-01
9.208333333333332815e-01
9.183333333333333348e-01
