5.833333333333333703e-01
7.175000000000000266e-01
7.325000000000000400e-01
7.700000000000000178e-01
8.449999999999999734e-01
8.533333333333333881e-01
8.441666666666666208e-01
8.216666666666666563e-01
8.525000000000000355e-01
8.375000000000000222e-01
8.291666666666667185e-01
8.633333333333332860e-01
8.583333333333332815e-01
8.808333333333333570e-01
8.866666666666667140e-01
8.891666666666666607e-01
8.583333333333332815e-01
8.758333333333333526e-01
8.941666666666666652e-01
8.433333333333333792e-01
8.933333333333333126e-01
8.991666666666666696e-01
8.199999999999999512e-01
8.924999999999999600e-01
8.983333333333333171e-01
8.733333333333332948e-01
9.008333333333333748e-01
9.041666666666666741e-01
8.933333333333333126e-01
9.066666666666666208e-01
8.933333333333333126e-01
9.124999999999999778e-01
9.016666666666666163e-01
9.133333333333333304e-01
9.050000000000000266e-01
9.083333333333333259e-01
9.016666666666666163e-01
8.816666666666667096e-01
9.174999999999999822e-01
9.024999999999999689e-01
9.133333333333333304e-01
9.141666666666666829e-01
9.166666666666666297e-01
9.141666666666666829e-01
9.008333333333333748e-01
8.874999999999999556e-01
9.016666666666666163e-01
9.024999999999999689e-01
9.074999999999999734e-01
9.050000000000000266e-01
9.116666666666666252e-01
9.124999999999999778e-01
9.083333333333333259e-01
9.166666666666666297e-01
8.824999999999999512e-01
9.083333333333333259e-01
9.166666666666666297e-01
8.783333333333332993e-01
9.116666666666666252e-01
8.950000000000000178e-01
9.066666666666666208e-01
9.216666666666666341e-01
8.941666666666666652e-01
9.166666666666666297e-01
9.124999999999999778e-01
9.108333333333333837e-01
9.166666666666666297e-01
9.150000000000000355e-01
9.158333333333333881e-01
9.066666666666666208e-01
9.183333333333333348e-01
9.224999999999999867e-01
9.100000000000000311e-01
9.158333333333333881e-01
8.983333333333333171e-01
9.174999999999999822e-01
9.116666666666666252e-01
9.216666666666666341e-01
8.991666666666666696e-01
9.116666666666666252e-01
9.183333333333333348e-01
9.141666666666666829e-01
9.166666666666666297e-01
9.100000000000000311e-01
9.141666666666666829e-01
9.108333333333333837e-01
9.133333333333333304e-01
9.083333333333333259e-01
9.208333333333332815e-01
9.091666666666666785e-01
9.158333333333333881e-01
9.166666666666666297e-01
9.116666666666666252e-01
9.124999999999999778e-01
9.116666666666666252e-01
8.824999999999999512e-01
8.933333333333333126e-01
9.158333333333333881e-01
9.166666666666666297e-01
9.183333333333333348e-01
