1.263402462005615234e+00
1.151651382446289062e+00
8.303825259208679199e-01
6.487355828285217285e-01
4.746378660202026367e-01
4.623310565948486328e-01
5.453228950500488281e-01
3.955948948860168457e-01
4.069529771804809570e-01
3.001865744590759277e-01
1.715989112854003906e-01
3.789275884628295898e-01
3.171920776367187500e-01
3.148887157440185547e-01
2.394485175609588623e-01
1.025986969470977783e-01
3.503338098526000977e-01
2.284854799509048462e-01
2.671220898628234863e-01
1.869604736566543579e-01
3.501032590866088867e-01
2.155041396617889404e-01
1.811360418796539307e-01
3.439318835735321045e-01
1.175675243139266968e-01
2.465996742248535156e-01
1.411119997501373291e-01
3.364182710647583008e-01
3.316571414470672607e-01
1.986471414566040039e-01
2.597891986370086670e-01
3.269200623035430908e-01
1.938314437866210938e-01
2.506958246231079102e-01
3.436083495616912842e-01
2.251681685447692871e-01
1.253267973661422729e-01
5.027152225375175476e-02
2.202519774436950684e-01
1.224494799971580505e-01
2.410402446985244751e-01
2.097939252853393555e-01
9.656686335802078247e-02
5.195491388440132141e-02
1.241425722837448120e-01
1.602411866188049316e-01
2.272159904241561890e-01
1.212566494941711426e-01
2.267761826515197754e-01
7.783307135105133057e-02
3.240611553192138672e-01
2.256550043821334839e-01
2.142242491245269775e-01
2.641962170600891113e-01
1.242392659187316895e-01
7.757767289876937866e-02
2.721170186996459961e-01
9.181660413742065430e-02
2.077955007553100586e-01
1.742653548717498779e-01
1.118162572383880615e-01
1.085863709449768066e-01
2.253699451684951782e-01
1.659250706434249878e-01
1.069007217884063721e-01
2.608336806297302246e-01
2.213809639215469360e-02
2.054802477359771729e-01
1.616922318935394287e-01
5.905696749687194824e-02
3.415613770484924316e-01
1.158507764339447021e-01
2.071877121925354004e-01
2.040844410657882690e-01
2.934633009135723114e-02
7.975527644157409668e-02
9.028068184852600098e-02
3.530305624008178711e-02
8.021407574415206909e-02
5.690941214561462402e-02
6.490816175937652588e-02
1.796496808528900146e-01
2.983814179897308350e-01
1.263807117938995361e-01
1.164992898702621460e-01
8.954469859600067139e-02
3.265729546546936035e-01
9.563366323709487915e-02
6.542336195707321167e-02
6.456150859594345093e-02
1.131564006209373474e-02
4.655303806066513062e-02
3.069686293601989746e-01
6.537066400051116943e-02
4.663344472646713257e-02
6.003578007221221924e-02
4.891842603683471680e-02
9.150092303752899170e-02
4.474151879549026489e-03
2.591193467378616333e-02
