1.163201332092285156e+00
1.075416564941406250e+00
7.965484857559204102e-01
6.862353086471557617e-01
5.633450746536254883e-01
4.061180055141448975e-01
4.053914546966552734e-01
3.757090568542480469e-01
3.117311000823974609e-01
2.050967663526535034e-01
3.768455386161804199e-01
3.947288095951080322e-01
3.079512715339660645e-01
2.884907126426696777e-01
3.365933597087860107e-01
3.233277201652526855e-01
2.309692800045013428e-01
3.667041659355163574e-01
2.479091435670852661e-01
2.595224976539611816e-01
2.115198969841003418e-01
2.369777411222457886e-01
3.647791147232055664e-01
2.580689191818237305e-01
2.748870551586151123e-01
2.164762914180755615e-01
1.828003227710723877e-01
1.901370584964752197e-01
1.609835922718048096e-01
1.322740614414215088e-01
1.277638375759124756e-01
6.542025506496429443e-02
1.903575360774993896e-01
3.787540793418884277e-01
1.494859158992767334e-01
1.775230467319488525e-01
3.304042518138885498e-01
8.824292570352554321e-02
1.410770565271377563e-01
9.063787013292312622e-02
1.290606707334518433e-01
9.613838791847229004e-02
2.930752336978912354e-01
5.826799944043159485e-02
9.921485185623168945e-02
1.200225949287414551e-01
9.186348319053649902e-02
1.364228576421737671e-01
8.417385816574096680e-02
1.520687639713287354e-01
2.047049701213836670e-01
2.370737306773662567e-02
8.648884296417236328e-02
1.223673224449157715e-01
8.333349972963333130e-02
2.818451523780822754e-01
1.005707979202270508e-01
2.998701632022857666e-01
1.371609568595886230e-01
2.022230029106140137e-01
4.745984822511672974e-02
7.604378461837768555e-02
8.273866027593612671e-02
1.222023665904998779e-01
6.525623053312301636e-02
1.389609724283218384e-01
4.848810285329818726e-02
1.198175922036170959e-01
1.827251315116882324e-01
3.529185652732849121e-01
2.846783399581909180e-01
2.014711499214172363e-01
5.033719539642333984e-02
8.086981624364852905e-02
1.171764731407165527e-01
3.604700788855552673e-02
7.297752052545547485e-02
5.363743007183074951e-02
6.431715190410614014e-02
1.217554360628128052e-01
5.716538056731224060e-03
4.022761806845664978e-02
7.577491551637649536e-02
5.961919203400611877e-02
3.068394772708415985e-02
2.264061011373996735e-02
1.236229855567216873e-02
8.478139340877532959e-02
1.033126115798950195e-01
2.149698138236999512e-01
1.033216565847396851e-01
9.140130877494812012e-02
2.893297672271728516e-01
1.148264333605766296e-01
5.113208293914794922e-02
4.485237598419189453e-02
9.209889173507690430e-02
1.719868481159210205e-01
1.283323764801025391e-01
8.682790398597717285e-02
