1.143237352371215820e+00
1.009081363677978516e+00
8.231502771377563477e-01
9.220771193504333496e-01
8.619291782379150391e-01
7.749813795089721680e-01
3.710876703262329102e-01
4.125415086746215820e-01
3.717339634895324707e-01
3.297055959701538086e-01
3.258074820041656494e-01
3.915145695209503174e-01
4.303805828094482422e-01
4.352405071258544922e-01
2.275040745735168457e-01
1.972706913948059082e-01
3.563196361064910889e-01
3.005045652389526367e-01
3.454777598381042480e-01
3.346359133720397949e-01
2.340463548898696899e-01
2.615903019905090332e-01
3.559379279613494873e-01
3.896606266498565674e-01
1.984848976135253906e-01
1.591689288616180420e-01
1.977182328701019287e-01
3.040084838867187500e-01
1.690912842750549316e-01
1.906401515007019043e-01
2.699723839759826660e-01
1.652982980012893677e-01
2.462543845176696777e-01
3.943265080451965332e-01
3.361276388168334961e-01
1.652383059263229370e-01
2.544162869453430176e-01
2.451322674751281738e-01
1.134583428502082825e-01
2.548478841781616211e-01
1.203882768750190735e-01
2.944348156452178955e-01
1.950530558824539185e-01
3.607996702194213867e-01
8.551189303398132324e-02
1.716589927673339844e-01
2.118057012557983398e-01
1.350330710411071777e-01
2.446674406528472900e-01
1.453543454408645630e-01
3.250875174999237061e-01
1.332473158836364746e-01
1.896435022354125977e-01
1.187817305326461792e-01
1.666891425848007202e-01
6.327810138463973999e-02
2.732658982276916504e-01
1.149249151349067688e-01
1.149959489703178406e-01
1.447387784719467163e-01
6.314212083816528320e-02
1.467522382736206055e-01
2.085911929607391357e-01
1.547874808311462402e-01
1.948706209659576416e-01
1.031987369060516357e-01
1.327460259199142456e-01
1.500078439712524414e-01
1.037802994251251221e-01
9.907181560993194580e-02
3.308853507041931152e-01
3.380355834960937500e-01
2.628467744216322899e-03
9.148140437901020050e-03
5.318696051836013794e-02
1.501462161540985107e-01
2.146300822496414185e-01
1.514063924551010132e-01
1.570073664188385010e-01
4.485407471656799316e-02
1.096735000610351562e-01
1.136083081364631653e-01
4.141879081726074219e-02
8.073475211858749390e-02
6.315966695547103882e-02
5.823530256748199463e-02
1.015928238630294800e-01
1.043167486786842346e-01
3.635934293270111084e-01
4.096369445323944092e-02
1.014824435114860535e-01
6.320805847644805908e-02
8.483806252479553223e-02
7.647137343883514404e-02
6.574023514986038208e-02
1.310761868953704834e-01
4.051344096660614014e-02
1.602259427309036255e-01
1.123451739549636841e-01
1.406411230564117432e-01
