1.310441374778747559e+00
1.034054517745971680e+00
8.456259369850158691e-01
1.062547683715820312e+00
6.746692061424255371e-01
6.147508621215820312e-01
4.949717521667480469e-01
5.576170682907104492e-01
3.987883329391479492e-01
4.397242665290832520e-01
2.897049784660339355e-01
4.090316891670227051e-01
4.127060472965240479e-01
3.124395012855529785e-01
4.230118691921234131e-01
3.381925821304321289e-01
1.335232257843017578e-01
1.969663053750991821e-01
3.726570606231689453e-01
3.017805218696594238e-01
1.636618971824645996e-01
4.222986400127410889e-01
3.765386939048767090e-01
1.369843184947967529e-01
1.937121450901031494e-01
1.834598630666732788e-01
3.353495001792907715e-01
1.638249158859252930e-01
3.648431003093719482e-01
2.940233051776885986e-01
7.184818387031555176e-02
4.273182749748229980e-01
2.103132903575897217e-01
1.442636996507644653e-01
1.016967892646789551e-01
1.199746131896972656e-01
2.527503967285156250e-01
2.108610272407531738e-01
1.209042668342590332e-01
2.190477550029754639e-01
1.703261286020278931e-01
9.047953039407730103e-02
1.938017606735229492e-01
1.776738017797470093e-01
4.244543313980102539e-01
1.550579816102981567e-01
1.481305360794067383e-01
1.303764879703521729e-01
2.578324973583221436e-01
1.400702893733978271e-01
1.546019166707992554e-01
1.909174174070358276e-01
1.406649351119995117e-01
2.154050618410110474e-01
2.832153439521789551e-01
2.880254387855529785e-01
2.118013948202133179e-01
2.300062775611877441e-01
1.367667168378829956e-01
2.897110283374786377e-01
1.451108604669570923e-01
3.823488205671310425e-02
1.426329165697097778e-01
1.958481967449188232e-01
8.995765447616577148e-02
1.811405122280120850e-01
1.380422115325927734e-01
1.175241693854331970e-01
1.613904833793640137e-01
6.098524481058120728e-02
4.124427214264869690e-02
1.817934364080429077e-01
1.120928823947906494e-01
1.841725558042526245e-01
9.471920877695083618e-02
1.110804602503776550e-01
1.619977653026580811e-01
5.275144428014755249e-02
1.014424040913581848e-01
2.336617559194564819e-01
1.280243098735809326e-01
2.506607174873352051e-01
4.082323014736175537e-01
1.462622880935668945e-01
5.314409360289573669e-02
9.383703768253326416e-02
1.372993737459182739e-01
5.165792256593704224e-02
1.317221522331237793e-01
1.555245369672775269e-01
2.463442087173461914e-01
3.087436407804489136e-02
3.125914037227630615e-01
4.261638969182968140e-02
6.287090480327606201e-02
1.486986577510833740e-01
1.986666321754455566e-01
1.969065666198730469e-01
4.175680503249168396e-02
3.252537921071052551e-02
