1.282887935638427734e+00
1.021362066268920898e+00
8.583804368972778320e-01
8.503201007843017578e-01
6.651611328125000000e-01
4.968403875827789307e-01
4.151276946067810059e-01
3.420571088790893555e-01
4.109322428703308105e-01
2.674921751022338867e-01
4.275993704795837402e-01
3.489099144935607910e-01
2.252142131328582764e-01
4.657493829727172852e-01
2.799741029739379883e-01
2.110370993614196777e-01
3.488467931747436523e-01
3.569441735744476318e-01
2.458947598934173584e-01
6.191006898880004883e-01
3.658170402050018311e-01
2.119723111391067505e-01
2.670448720455169678e-01
1.817472875118255615e-01
2.550601661205291748e-01
2.349121272563934326e-01
1.760541200637817383e-01
1.454970687627792358e-01
2.348151355981826782e-01
2.960605919361114502e-01
1.375138908624649048e-01
3.465725183486938477e-01
9.278047829866409302e-02
3.132657110691070557e-01
1.421603113412857056e-01
1.380600333213806152e-01
5.185900628566741943e-02
2.527792155742645264e-01
3.153412044048309326e-01
1.868898570537567139e-01
9.536819159984588623e-02
8.711415529251098633e-02
6.057337671518325806e-02
2.235513031482696533e-01
1.759016215801239014e-01
1.925306916236877441e-01
1.090229451656341553e-01
1.188994348049163818e-01
2.625059187412261963e-01
3.603084385395050049e-02
1.174712106585502625e-01
3.665460348129272461e-01
5.398979410529136658e-02
4.336428344249725342e-01
7.589866966009140015e-02
8.017159253358840942e-02
1.513045281171798706e-01
4.409903287887573242e-01
4.126983880996704102e-01
2.698477208614349365e-01
1.885997653007507324e-01
9.321203082799911499e-02
2.038281261920928955e-01
4.401018843054771423e-02
4.639305919408798218e-02
1.114007756114006042e-01
6.221145391464233398e-02
1.853558719158172607e-01
2.432216703891754150e-02
2.019665688276290894e-01
5.414843931794166565e-02
1.258588731288909912e-01
3.673830628395080566e-01
6.094072759151458740e-02
8.264695107936859131e-02
1.795019954442977905e-01
6.671635061502456665e-02
2.342932522296905518e-01
1.464994698762893677e-01
5.374930799007415771e-02
1.433372646570205688e-01
1.546305865049362183e-01
3.578369319438934326e-02
2.241571098566055298e-01
1.400005370378494263e-01
1.021703705191612244e-01
9.464730322360992432e-02
8.879664540290832520e-02
6.233278661966323853e-02
6.132952123880386353e-02
6.312796473503112793e-02
8.158617466688156128e-02
1.044052541255950928e-01
9.108149260282516479e-02
2.517791688442230225e-01
1.048653125762939453e-01
3.242095187306404114e-02
1.779556833207607269e-02
6.836465001106262207e-02
1.311344504356384277e-01
