1.224622130393981934e+00
9.886519312858581543e-01
1.027429103851318359e+00
7.696086168289184570e-01
6.515979766845703125e-01
5.208715200424194336e-01
4.792096018791198730e-01
4.333714842796325684e-01
3.972885012626647949e-01
2.848137617111206055e-01
2.250798642635345459e-01
3.166096806526184082e-01
5.296785831451416016e-01
2.527377009391784668e-01
1.874936819076538086e-01
1.517745554447174072e-01
3.161764740943908691e-01
3.477210402488708496e-01
1.501153856515884399e-01
4.770900607109069824e-01
2.275744974613189697e-01
1.274592727422714233e-01
1.667258143424987793e-01
2.755460739135742188e-01
2.992023825645446777e-01
2.024710476398468018e-01
1.662170439958572388e-01
3.362215161323547363e-01
3.017532229423522949e-01
1.784023046493530273e-01
1.818784475326538086e-01
5.364330112934112549e-02
1.669697165489196777e-01
1.064166948199272156e-01
1.959899514913558960e-01
8.106064796447753906e-02
1.018321886658668518e-01
6.588196009397506714e-02
1.286079436540603638e-01
2.790591120719909668e-01
2.682719826698303223e-01
2.512980997562408447e-01
2.913936376571655273e-01
8.036246895790100098e-02
1.573498398065567017e-01
2.961584180593490601e-02
1.116851419210433960e-01
4.425261318683624268e-01
1.939025521278381348e-01
1.321835368871688843e-01
1.096364259719848633e-01
1.312957555055618286e-01
1.682249605655670166e-01
2.314951866865158081e-01
1.536833345890045166e-01
2.767207324504852295e-01
1.059846431016921997e-01
8.205093443393707275e-02
1.409593224525451660e-01
2.570385485887527466e-02
2.676368355751037598e-01
2.956531643867492676e-01
8.281422406435012817e-02
3.018621802330017090e-01
1.218296289443969727e-01
2.765279412269592285e-01
7.725453376770019531e-02
1.792763173580169678e-01
3.089973032474517822e-01
9.435670077800750732e-02
3.498113453388214111e-01
7.771096378564834595e-02
3.101919032633304596e-02
5.420738086104393005e-02
7.061684876680374146e-02
1.198115497827529907e-01
8.047193288803100586e-02
1.388788670301437378e-01
1.363508254289627075e-01
7.387280464172363281e-02
1.496714204549789429e-01
1.010645106434822083e-01
5.190218687057495117e-01
1.265798807144165039e-01
4.573516845703125000e-01
1.904804557561874390e-01
1.208339184522628784e-01
1.329222172498703003e-01
7.072338461875915527e-02
1.874491423368453979e-01
1.164061278104782104e-01
9.196449071168899536e-02
2.070514857769012451e-01
1.202656775712966919e-01
1.578608527779579163e-02
2.214168459177017212e-01
5.205110087990760803e-02
1.238041445612907410e-01
2.228167057037353516e-01
9.500750899314880371e-02
