1.193081855773925781e+00
8.763753771781921387e-01
7.791228890419006348e-01
6.081559062004089355e-01
4.659900069236755371e-01
4.369055330753326416e-01
4.376603662967681885e-01
4.334104359149932861e-01
3.884856700897216797e-01
4.400324821472167969e-01
3.567312657833099365e-01
3.797199726104736328e-01
4.067358374595642090e-01
4.754467606544494629e-01
2.955510020256042480e-01
1.797197610139846802e-01
2.534574270248413086e-01
3.244568109512329102e-01
2.459411919116973877e-01
1.526949703693389893e-01
1.547835767269134521e-01
1.455272734165191650e-01
2.988084852695465088e-01
2.209261059761047363e-01
5.123957395553588867e-01
2.449102103710174561e-01
1.955418884754180908e-01
1.320816278457641602e-01
1.459113359451293945e-01
1.092292889952659607e-01
1.384444385766983032e-01
3.178156614303588867e-01
1.329157054424285889e-01
2.010877579450607300e-01
3.825001716613769531e-01
1.688417047262191772e-01
1.241373494267463684e-01
1.533825844526290894e-01
1.526752561330795288e-01
1.931632459163665771e-01
1.737254410982131958e-01
2.785278558731079102e-01
1.548823118209838867e-01
2.386887967586517334e-01
7.842732220888137817e-02
3.900189325213432312e-02
3.288560509681701660e-01
1.060708016157150269e-01
1.300047636032104492e-01
7.311703264713287354e-02
8.672336488962173462e-02
1.666784286499023438e-01
2.729871869087219238e-01
1.434272807091474533e-02
2.548097670078277588e-01
9.337037801742553711e-02
1.299305409193038940e-01
2.995518147945404053e-01
1.437014043331146240e-01
5.693762376904487610e-02
5.287848412990570068e-02
4.036896824836730957e-01
1.470518559217453003e-01
1.738179177045822144e-01
2.865385413169860840e-01
1.130185872316360474e-01
5.904512107372283936e-02
1.281732618808746338e-01
1.062418892979621887e-01
4.842180758714675903e-02
1.633796691894531250e-01
2.751898393034934998e-02
2.308936417102813721e-01
1.933335363864898682e-01
5.452892184257507324e-02
8.385932445526123047e-02
3.028111755847930908e-01
1.625455170869827271e-01
3.466936945915222168e-01
1.076160371303558350e-01
7.119250297546386719e-02
1.526163965463638306e-01
2.266355454921722412e-01
3.429523855447769165e-02
5.075597018003463745e-02
1.035734936594963074e-01
2.347661107778549194e-01
2.165265008807182312e-02
6.954451650381088257e-02
8.345318585634231567e-02
5.191376805305480957e-01
4.713892042636871338e-01
8.693083375692367554e-02
8.072626590728759766e-02
2.135636061429977417e-01
6.810305267572402954e-02
1.867332011461257935e-01
1.370426863431930542e-01
1.416349261999130249e-01
1.358186006546020508e-01
