5.983333333333333837e-01
7.183333333333333792e-01
7.500000000000000000e-01
8.341666666666666119e-01
8.000000000000000444e-01
8.449999999999999734e-01
8.291666666666667185e-01
8.366666666666666696e-01
8.625000000000000444e-01
7.958333333333332815e-01
8.758333333333333526e-01
8.358333333333333171e-01
7.941666666666666874e-01
8.116666666666666474e-01
8.991666666666666696e-01
8.575000000000000400e-01
8.991666666666666696e-01
8.858333333333333615e-01
8.833333333333333037e-01
8.874999999999999556e-01
9.016666666666666163e-01
8.974999999999999645e-01
8.933333333333333126e-01
8.908333333333333659e-01
8.791666666666666519e-01
8.974999999999999645e-01
8.983333333333333171e-01
8.941666666666666652e-01
8.874999999999999556e-01
8.974999999999999645e-01
8.958333333333333703e-01
8.783333333333332993e-01
8.974999999999999645e-01
9.008333333333333748e-01
9.008333333333333748e-01
8.974999999999999645e-01
8.950000000000000178e-01
8.950000000000000178e-01
8.933333333333333126e-01
8.891666666666666607e-01
8.991666666666666696e-01
9.016666666666666163e-01
9.000000000000000222e-01
8.683333333333332904e-01
8.983333333333333171e-01
8.791666666666666519e-01
8.983333333333333171e-01
8.725000000000000533e-01
9.024999999999999689e-01
8.916666666666667185e-01
9.033333333333333215e-01
8.941666666666666652e-01
8.900000000000000133e-01
8.900000000000000133e-01
9.033333333333333215e-01
8.824999999999999512e-01
9.024999999999999689e-01
8.958333333333333703e-01
8.950000000000000178e-01
9.066666666666666208e-01
9.066666666666666208e-01
8.800000000000000044e-01
9.066666666666666208e-01
8.941666666666666652e-01
8.974999999999999645e-01
8.891666666666666607e-01
9.091666666666666785e-01
9.066666666666666208e-01
9.058333333333333792e-01
8.933333333333333126e-01
9.000000000000000222e-01
9.074999999999999734e-01
9.058333333333333792e-01
8.866666666666667140e-01
9.066666666666666208e-01
9.116666666666666252e-01
9.074999999999999734e-01
9.083333333333333259e-01
9.100000000000000311e-01
9.008333333333333748e-01
9.091666666666666785e-01
9.116666666666666252e-01
8.800000000000000044e-01
9.074999999999999734e-01
9.083333333333333259e-01
8.983333333333333171e-01
9.124999999999999778e-01
9.124999999999999778e-01
9.016666666666666163e-01
9.116666666666666252e-01
9.150000000000000355e-01
9.024999999999999689e-01
9.050000000000000266e-01
9.108333333333333837e-01
9.083333333333333259e-01
9.074999999999999734e-01
8.900000000000000133e-01
9.074999999999999734e-01
9.066666666666666208e-01
9.050000000000000266e-01
