1.256232023239135742e+00
1.138425469398498535e+00
7.457403540611267090e-01
9.000389575958251953e-01
6.411975622177124023e-01
6.556814908981323242e-01
4.762437939643859863e-01
3.930363357067108154e-01
2.504836320877075195e-01
2.947788834571838379e-01
4.362382292747497559e-01
3.190592527389526367e-01
1.918865144252777100e-01
4.854425191879272461e-01
3.508861660957336426e-01
3.350905179977416992e-01
3.764801025390625000e-01
1.892716884613037109e-01
3.644264638423919678e-01
1.857162714004516602e-01
1.916376054286956787e-01
1.704724431037902832e-01
6.248305365443229675e-02
3.210599422454833984e-01
8.307452499866485596e-02
3.334163725376129150e-01
2.832331359386444092e-01
5.615883469581604004e-01
5.261734724044799805e-01
3.298872411251068115e-01
1.208583116531372070e-01
3.467342257499694824e-01
2.123392522335052490e-01
3.853135406970977783e-01
2.350834757089614868e-01
6.789881736040115356e-02
2.307359129190444946e-01
1.349126845598220825e-01
8.518719673156738281e-02
2.154420912265777588e-01
2.067044824361801147e-01
3.349335193634033203e-01
1.736767590045928955e-01
1.642425656318664551e-01
5.210639908909797668e-02
1.675753444433212280e-01
2.091809213161468506e-01
1.975602060556411743e-01
4.036516547203063965e-01
2.404722943902015686e-02
1.975591182708740234e-01
1.320248842239379883e-01
6.863091140985488892e-02
4.131140112876892090e-01
1.478667557239532471e-01
8.114976435899734497e-02
1.093320101499557495e-01
1.306751966476440430e-01
1.004910320043563843e-01
1.136485040187835693e-01
2.634943723678588867e-01
9.679956734180450439e-02
3.149865865707397461e-01
1.612344086170196533e-01
9.437313675880432129e-02
1.375741660594940186e-01
1.342949569225311279e-01
9.377031028270721436e-02
1.297231614589691162e-01
7.356001436710357666e-02
4.636220168322324753e-03
2.820774316787719727e-01
1.326914727687835693e-01
2.530371025204658508e-02
2.367377430200576782e-01
1.870640814304351807e-01
5.850102007389068604e-02
5.979938432574272156e-02
1.065777987241744995e-01
1.440953314304351807e-01
1.022453457117080688e-01
2.008446455001831055e-01
9.182327985763549805e-02
2.608423233032226562e-01
1.390083432197570801e-01
1.639945507049560547e-01
3.587647080421447754e-01
6.807542592287063599e-02
1.540451645851135254e-01
2.453431114554405212e-02
2.525124549865722656e-01
2.587541006505489349e-02
3.906796127557754517e-02
7.211299240589141846e-02
8.972318470478057861e-02
1.433438360691070557e-01
8.552363514900207520e-02
1.665300428867340088e-01
8.729097247123718262e-02
4.152875393629074097e-02
