1.240970611572265625e+00
9.772959947586059570e-01
9.248372316360473633e-01
7.452129125595092773e-01
6.761277914047241211e-01
4.322789311408996582e-01
3.574373126029968262e-01
3.747832179069519043e-01
3.787793815135955811e-01
2.690668106079101562e-01
3.552133738994598389e-01
3.545569479465484619e-01
3.061777353286743164e-01
3.142237961292266846e-01
5.180282592773437500e-01
3.416335284709930420e-01
2.322991490364074707e-01
2.205563485622406006e-01
2.901830971240997314e-01
3.887466788291931152e-01
2.142370939254760742e-01
2.301809787750244141e-01
1.608256399631500244e-01
2.045124173164367676e-01
2.836260497570037842e-01
1.861443817615509033e-01
1.026538535952568054e-01
1.773177683353424072e-01
1.218347102403640747e-01
2.638129293918609619e-01
1.840910762548446655e-01
2.201638072729110718e-01
1.590977460145950317e-01
3.812202811241149902e-01
2.724914252758026123e-01
1.801833212375640869e-01
7.119339704513549805e-02
1.931914836168289185e-01
1.382977366447448730e-01
1.140434741973876953e-01
4.188618063926696777e-01
2.998574376106262207e-01
2.925564646720886230e-01
1.275939196348190308e-01
2.754245139658451080e-02
6.761389970779418945e-02
1.635002195835113525e-01
3.282704949378967285e-01
1.588853001594543457e-01
1.412701308727264404e-01
3.747936487197875977e-01
9.806676208972930908e-02
9.995783120393753052e-02
6.479728221893310547e-02
7.671479880809783936e-02
9.410672634840011597e-02
2.807459235191345215e-01
4.952784180641174316e-01
3.501306772232055664e-01
8.106861263513565063e-03
2.769760489463806152e-01
1.087836846709251404e-01
3.079924285411834717e-01
9.259650111198425293e-02
1.190838143229484558e-01
1.227245852351188660e-01
1.452043354511260986e-01
2.556753754615783691e-01
1.060022413730621338e-01
5.094525963068008423e-02
3.153378516435623169e-02
2.388014495372772217e-01
2.803658843040466309e-01
5.179101601243019104e-02
2.353087216615676880e-01
1.673123836517333984e-01
2.861410081386566162e-01
1.441889703273773193e-01
2.330751270055770874e-01
3.845218122005462646e-01
1.303558349609375000e-01
3.164703845977783203e-01
6.996418535709381104e-02
2.062293589115142822e-01
5.438441410660743713e-02
8.391802012920379639e-02
6.446450948715209961e-02
9.429426491260528564e-02
2.156723886728286743e-01
9.704134613275527954e-02
1.312707811594009399e-01
4.395940154790878296e-02
6.311299651861190796e-02
2.131275087594985962e-01
4.858762919902801514e-01
1.340390145778656006e-01
2.356570661067962646e-01
3.321505710482597351e-02
1.326846778392791748e-01
1.445515155792236328e-01
