1.361760973930358887e+00
1.121842622756958008e+00
8.365854024887084961e-01
7.193903923034667969e-01
8.085061311721801758e-01
5.777950882911682129e-01
6.290516257286071777e-01
4.117777943611145020e-01
4.774651229381561279e-01
4.889975488185882568e-01
2.663235366344451904e-01
4.704687893390655518e-01
5.918083786964416504e-01
3.923554122447967529e-01
3.732575178146362305e-01
2.076862454414367676e-01
2.910254895687103271e-01
2.574541270732879639e-01
2.136194705963134766e-01
2.997015118598937988e-01
2.619455158710479736e-01
2.869961559772491455e-01
1.222631037235260010e-01
1.789795011281967163e-01
2.261310815811157227e-01
1.844693422317504883e-01
2.737626433372497559e-01
1.252923905849456787e-01
1.792047023773193359e-01
1.723444759845733643e-01
1.708255410194396973e-01
1.667060852050781250e-01
3.291088342666625977e-01
2.049398720264434814e-01
1.659657657146453857e-01
2.417062520980834961e-01
2.624304294586181641e-01
2.224469780921936035e-01
1.653441190719604492e-01
9.525708854198455811e-02
2.313336431980133057e-01
1.578595787286758423e-01
9.476277232170104980e-02
8.591024577617645264e-02
1.019391566514968872e-01
1.789000481367111206e-01
1.480664610862731934e-01
2.341121584177017212e-01
1.757855415344238281e-01
1.351162940263748169e-01
4.741667211055755615e-02
3.200361430644989014e-01
2.176886796951293945e-01
3.534743785858154297e-01
2.267190515995025635e-01
2.276364415884017944e-01
3.134610131382942200e-02
3.403376936912536621e-01
1.120579689741134644e-01
7.717372477054595947e-02
2.437982112169265747e-01
2.478129863739013672e-01
1.181195005774497986e-01
4.204670712351799011e-02
3.095354437828063965e-01
1.516624093055725098e-01
3.348429501056671143e-02
2.098677009344100952e-01
1.725136786699295044e-01
2.420078068971633911e-01
3.056355118751525879e-01
1.565629690885543823e-01
4.301752448081970215e-01
2.416398376226425171e-01
1.108355373144149780e-01
2.262737005949020386e-01
1.004076749086380005e-01
1.960933208465576172e-02
1.171604767441749573e-01
7.735169678926467896e-02
1.503480076789855957e-01
1.495217680931091309e-01
1.129757761955261230e-01
9.949091076850891113e-02
1.670047640800476074e-01
6.751007586717605591e-02
1.147510334849357605e-01
6.982661038637161255e-02
1.324000358581542969e-01
1.659933477640151978e-01
1.193470507860183716e-01
2.867024838924407959e-01
2.966275811195373535e-01
1.571108549833297729e-01
1.254571825265884399e-01
2.319343015551567078e-02
1.522120088338851929e-01
1.538851559162139893e-01
6.337628513574600220e-02
5.108752846717834473e-02
