1.295567512512207031e+00
9.786325693130493164e-01
8.722761869430541992e-01
6.498493552207946777e-01
5.456147789955139160e-01
5.623241066932678223e-01
4.356684982776641846e-01
2.697910368442535400e-01
4.087662696838378906e-01
4.200628995895385742e-01
4.058761000633239746e-01
5.139822959899902344e-01
2.451714426279067993e-01
4.175086021423339844e-01
3.511598110198974609e-01
3.195143938064575195e-01
2.056032121181488037e-01
2.066109925508499146e-01
2.677780985832214355e-01
1.835753321647644043e-01
3.566585779190063477e-01
3.180707991123199463e-01
1.386006176471710205e-01
4.106287360191345215e-01
2.583783268928527832e-01
3.641360402107238770e-01
2.283001542091369629e-01
1.557932049036026001e-01
2.678164839744567871e-01
3.006760478019714355e-01
2.113704979419708252e-01
1.182430759072303772e-01
1.756879985332489014e-01
2.974633276462554932e-01
2.571536004543304443e-01
2.156372666358947754e-01
2.658882439136505127e-01
1.078189462423324585e-01
9.688408672809600830e-02
1.637496650218963623e-01
4.609435051679611206e-02
2.515085339546203613e-01
2.128226459026336670e-01
6.612073630094528198e-02
1.533075124025344849e-01
1.005323678255081177e-01
2.405510395765304565e-01
1.891761869192123413e-01
1.809736341238021851e-01
7.862010598182678223e-02
1.959636658430099487e-01
1.204951405525207520e-01
8.016413450241088867e-02
2.520185708999633789e-01
1.646927595138549805e-01
2.472300678491592407e-01
9.646405279636383057e-02
1.681935191154479980e-01
1.143373027443885803e-01
1.822416633367538452e-01
1.575293242931365967e-01
2.169750034809112549e-01
1.118462681770324707e-01
1.524421870708465576e-01
1.119467914104461670e-01
2.556365132331848145e-01
1.127463579177856445e-01
5.086855292320251465e-01
1.464633941650390625e-01
1.986922025680541992e-01
3.476545214653015137e-02
1.018642261624336243e-01
2.458049505949020386e-01
3.799703717231750488e-01
5.988352000713348389e-02
2.725742459297180176e-01
3.379131108522415161e-02
1.359325349330902100e-01
6.571212410926818848e-02
9.973137080669403076e-02
1.474823057651519775e-01
9.574338048696517944e-02
7.348937541246414185e-02
1.237109005451202393e-01
1.083335876464843750e-01
8.617475628852844238e-02
6.820170581340789795e-02
1.616376340389251709e-01
6.010800972580909729e-02
8.313454687595367432e-02
2.063269168138504028e-01
1.320739388465881348e-01
4.063373208045959473e-01
4.205237030982971191e-01
1.338806301355361938e-01
1.244754195213317871e-01
1.211417615413665771e-01
1.077553853392601013e-01
1.574143767356872559e-01
5.673572048544883728e-02
