4.841666666666666896e-01
5.250000000000000222e-01
6.258333333333333526e-01
7.175000000000000266e-01
8.100000000000000533e-01
8.016666666666666385e-01
8.625000000000000444e-01
8.525000000000000355e-01
8.791666666666666519e-01
8.633333333333332860e-01
8.816666666666667096e-01
8.683333333333332904e-01
8.833333333333333037e-01
8.658333333333333437e-01
8.333333333333333703e-01
8.349999999999999645e-01
8.733333333333332948e-01
8.616666666666666918e-01
8.858333333333333615e-01
8.833333333333333037e-01
8.408333333333333215e-01
8.891666666666666607e-01
8.900000000000000133e-01
8.900000000000000133e-01
8.824999999999999512e-01
8.508333333333333304e-01
8.675000000000000488e-01
8.741666666666666474e-01
8.916666666666667185e-01
8.833333333333333037e-01
8.866666666666667140e-01
8.858333333333333615e-01
8.816666666666667096e-01
8.908333333333333659e-01
8.824999999999999512e-01
8.900000000000000133e-01
8.900000000000000133e-01
8.958333333333333703e-01
8.725000000000000533e-01
8.950000000000000178e-01
8.924999999999999600e-01
8.475000000000000311e-01
8.933333333333333126e-01
8.791666666666666519e-01
8.933333333333333126e-01
8.916666666666667185e-01
8.916666666666667185e-01
8.916666666666667185e-01
8.716666666666667007e-01
8.991666666666666696e-01
9.024999999999999689e-01
8.725000000000000533e-01
9.041666666666666741e-01
9.008333333333333748e-01
8.983333333333333171e-01
8.983333333333333171e-01
9.024999999999999689e-01
8.950000000000000178e-01
8.974999999999999645e-01
8.966666666666666119e-01
9.050000000000000266e-01
8.974999999999999645e-01
8.958333333333333703e-01
8.874999999999999556e-01
9.033333333333333215e-01
8.966666666666666119e-01
9.016666666666666163e-01
8.774999999999999467e-01
8.966666666666666119e-01
8.966666666666666119e-01
8.874999999999999556e-01
8.974999999999999645e-01
9.024999999999999689e-01
9.016666666666666163e-01
8.966666666666666119e-01
9.008333333333333748e-01
8.958333333333333703e-01
8.950000000000000178e-01
8.991666666666666696e-01
8.675000000000000488e-01
8.974999999999999645e-01
8.958333333333333703e-01
8.974999999999999645e-01
9.050000000000000266e-01
9.016666666666666163e-01
8.983333333333333171e-01
9.033333333333333215e-01
9.016666666666666163e-01
9.008333333333333748e-01
9.000000000000000222e-01
9.016666666666666163e-01
9.008333333333333748e-01
9.041666666666666741e-01
9.016666666666666163e-01
9.016666666666666163e-01
8.824999999999999512e-01
8.858333333333333615e-01
9.050000000000000266e-01
8.991666666666666696e-01
9.024999999999999689e-01
