1.297669172286987305e+00
9.898056983947753906e-01
8.619132041931152344e-01
7.302539944648742676e-01
8.086476325988769531e-01
5.477313399314880371e-01
5.805795192718505859e-01
3.598542213439941406e-01
5.848793983459472656e-01
5.034828186035156250e-01
3.070372343063354492e-01
1.882854700088500977e-01
4.037042260169982910e-01
3.161298632621765137e-01
3.115625977516174316e-01
2.428064495325088501e-01
4.613419473171234131e-01
3.769579827785491943e-01
3.716374635696411133e-01
2.118158340454101562e-01
4.418439865112304688e-01
1.233932673931121826e-01
3.045292496681213379e-01
3.132369816303253174e-01
3.516884148120880127e-01
2.168663591146469116e-01
3.658121824264526367e-01
1.038429588079452515e-01
1.492508053779602051e-01
2.442503571510314941e-01
1.506894975900650024e-01
1.831544786691665649e-01
1.821636855602264404e-01
2.459853142499923706e-01
1.236060261726379395e-01
3.666830062866210938e-01
1.942438185214996338e-01
9.591731429100036621e-02
1.867590993642807007e-01
1.730639189481735229e-01
7.557424157857894897e-02
2.940351366996765137e-01
1.387532353401184082e-01
1.641599833965301514e-01
2.477764338254928589e-01
2.820486128330230713e-01
1.648321598768234253e-01
1.385120600461959839e-01
8.539845049381256104e-02
1.094651147723197937e-01
4.226469993591308594e-01
3.794252127408981323e-02
8.767247945070266724e-02
2.967686653137207031e-01
9.517766535282135010e-02
1.479541361331939697e-01
1.747333109378814697e-01
7.206284254789352417e-02
1.271691471338272095e-01
6.768884509801864624e-02
9.297226369380950928e-02
1.647999882698059082e-01
1.675212383270263672e-01
3.339559435844421387e-01
2.208810448646545410e-01
1.125272884964942932e-01
1.725905686616897583e-01
6.516373902559280396e-02
3.417140543460845947e-01
7.381578534841537476e-02
1.004388779401779175e-01
1.393875628709793091e-01
2.102084457874298096e-02
6.587237864732742310e-02
8.337511122226715088e-02
7.951378822326660156e-02
1.719774901866912842e-01
1.932191252708435059e-01
1.433241814374923706e-01
7.033696770668029785e-02
2.058596350252628326e-02
1.220447272062301636e-01
6.768178194761276245e-02
9.033288061618804932e-02
4.401093348860740662e-02
2.069614082574844360e-02
1.927426010370254517e-01
2.719788253307342529e-01
8.237828314304351807e-02
3.912799060344696045e-02
2.652788534760475159e-02
1.472570449113845825e-01
7.412505894899368286e-02
1.601493358612060547e-01
5.044635757803916931e-02
7.229265570640563965e-02
6.933651864528656006e-02
4.779373481869697571e-02
1.816617101430892944e-01
8.620493859052658081e-02
