5.058333333333333570e-01
6.041666666666666297e-01
7.633333333333333082e-01
7.566666666666667096e-01
8.491666666666666252e-01
7.674999999999999600e-01
8.558333333333333348e-01
8.608333333333333393e-01
8.666666666666666963e-01
8.608333333333333393e-01
7.974999999999999867e-01
8.658333333333333437e-01
8.341666666666666119e-01
8.699999999999999956e-01
8.491666666666666252e-01
8.708333333333333481e-01
8.399999999999999689e-01
8.783333333333332993e-01
8.816666666666667096e-01
8.933333333333333126e-01
8.683333333333332904e-01
8.883333333333333082e-01
8.141666666666667052e-01
8.341666666666666119e-01
8.916666666666667185e-01
8.808333333333333570e-01
9.016666666666666163e-01
8.950000000000000178e-01
8.541666666666666297e-01
8.883333333333333082e-01
8.900000000000000133e-01
8.974999999999999645e-01
8.941666666666666652e-01
8.549999999999999822e-01
8.433333333333333792e-01
8.958333333333333703e-01
8.675000000000000488e-01
9.016666666666666163e-01
8.725000000000000533e-01
8.983333333333333171e-01
8.933333333333333126e-01
8.833333333333333037e-01
9.024999999999999689e-01
8.883333333333333082e-01
9.024999999999999689e-01
9.008333333333333748e-01
9.008333333333333748e-01
8.850000000000000089e-01
8.599999999999999867e-01
8.924999999999999600e-01
8.991666666666666696e-01
9.058333333333333792e-01
8.933333333333333126e-01
8.983333333333333171e-01
8.833333333333333037e-01
8.874999999999999556e-01
9.000000000000000222e-01
9.033333333333333215e-01
9.016666666666666163e-01
9.066666666666666208e-01
9.100000000000000311e-01
9.116666666666666252e-01
9.041666666666666741e-01
9.016666666666666163e-01
9.116666666666666252e-01
9.091666666666666785e-01
9.050000000000000266e-01
9.133333333333333304e-01
9.050000000000000266e-01
8.850000000000000089e-01
9.074999999999999734e-01
9.108333333333333837e-01
8.916666666666667185e-01
9.050000000000000266e-01
9.150000000000000355e-01
9.066666666666666208e-01
9.141666666666666829e-01
9.216666666666666341e-01
9.141666666666666829e-01
9.083333333333333259e-01
9.116666666666666252e-01
9.150000000000000355e-01
9.158333333333333881e-01
9.191666666666666874e-01
9.208333333333332815e-01
9.141666666666666829e-01
9.041666666666666741e-01
9.074999999999999734e-01
9.224999999999999867e-01
9.133333333333333304e-01
9.150000000000000355e-01
9.183333333333333348e-01
9.200000000000000400e-01
9.024999999999999689e-01
9.208333333333332815e-01
9.050000000000000266e-01
9.083333333333333259e-01
9.116666666666666252e-01
9.083333333333333259e-01
8.908333333333333659e-01
