4.916666666666666408e-01
5.324999999999999734e-01
6.733333333333333393e-01
7.158333333333333215e-01
8.316666666666666652e-01
8.258333333333333082e-01
8.333333333333333703e-01
8.558333333333333348e-01
8.133333333333333526e-01
8.241666666666667140e-01
8.516666666666666829e-01
8.666666666666666963e-01
8.691666666666666430e-01
8.649999999999999911e-01
8.308333333333333126e-01
8.641666666666666385e-01
8.641666666666666385e-01
8.433333333333333792e-01
8.725000000000000533e-01
8.491666666666666252e-01
8.691666666666666430e-01
8.449999999999999734e-01
8.566666666666666874e-01
8.791666666666666519e-01
8.708333333333333481e-01
8.675000000000000488e-01
8.525000000000000355e-01
8.741666666666666474e-01
8.800000000000000044e-01
8.658333333333333437e-01
8.758333333333333526e-01
8.758333333333333526e-01
8.816666666666667096e-01
8.850000000000000089e-01
8.883333333333333082e-01
8.666666666666666963e-01
8.766666666666667052e-01
8.816666666666667096e-01
8.750000000000000000e-01
8.691666666666666430e-01
8.716666666666667007e-01
8.900000000000000133e-01
8.966666666666666119e-01
8.900000000000000133e-01
8.800000000000000044e-01
8.874999999999999556e-01
8.900000000000000133e-01
8.891666666666666607e-01
8.991666666666666696e-01
8.800000000000000044e-01
9.008333333333333748e-01
8.774999999999999467e-01
8.933333333333333126e-01
8.675000000000000488e-01
9.033333333333333215e-01
8.833333333333333037e-01
8.933333333333333126e-01
8.725000000000000533e-01
8.983333333333333171e-01
8.733333333333332948e-01
8.883333333333333082e-01
8.933333333333333126e-01
8.549999999999999822e-01
8.575000000000000400e-01
8.824999999999999512e-01
8.874999999999999556e-01
8.974999999999999645e-01
8.983333333333333171e-01
8.933333333333333126e-01
9.058333333333333792e-01
8.741666666666666474e-01
8.908333333333333659e-01
8.983333333333333171e-01
8.891666666666666607e-01
8.983333333333333171e-01
8.941666666666666652e-01
8.900000000000000133e-01
9.050000000000000266e-01
8.974999999999999645e-01
9.000000000000000222e-01
8.966666666666666119e-01
8.924999999999999600e-01
9.033333333333333215e-01
9.033333333333333215e-01
9.024999999999999689e-01
8.983333333333333171e-01
8.958333333333333703e-01
8.916666666666667185e-01
8.958333333333333703e-01
8.991666666666666696e-01
8.983333333333333171e-01
8.974999999999999645e-01
9.033333333333333215e-01
8.991666666666666696e-01
8.974999999999999645e-01
8.974999999999999645e-01
8.974999999999999645e-01
9.008333333333333748e-01
8.991666666666666696e-01
9.016666666666666163e-01
