1.219550371170043945e+00
8.332163095474243164e-01
7.300440669059753418e-01
7.801120877265930176e-01
5.060917139053344727e-01
4.825915098190307617e-01
2.916454672813415527e-01
3.931933641433715820e-01
4.782059788703918457e-01
3.213153481483459473e-01
3.190243542194366455e-01
1.331459283828735352e-01
3.584465980529785156e-01
2.670485973358154297e-01
2.105712592601776123e-01
1.922098398208618164e-01
4.149677455425262451e-01
3.847863078117370605e-01
2.994222044944763184e-01
2.056010961532592773e-01
3.030043542385101318e-01
1.595962643623352051e-01
4.713309407234191895e-01
3.686821758747100830e-01
1.912390887737274170e-01
3.458738029003143311e-01
1.169302314519882202e-01
1.178476363420486450e-01
1.811106801033020020e-01
1.297822892665863037e-01
1.321879625320434570e-01
1.704700440168380737e-01
2.991470396518707275e-01
2.246297299861907959e-01
1.520063579082489014e-01
2.993561625480651855e-01
8.481082320213317871e-02
2.848119735717773438e-01
9.387351572513580322e-02
3.223779797554016113e-01
2.468214929103851318e-01
2.535697817802429199e-01
1.963172256946563721e-01
1.219682693481445312e-01
7.805310189723968506e-02
1.101126000285148621e-01
1.542032212018966675e-01
3.750956803560256958e-02
4.026730358600616455e-02
2.221396416425704956e-01
1.942449808120727539e-01
1.178830936551094055e-01
2.195248603820800781e-01
2.515042126178741455e-01
9.205567091703414917e-02
2.718156576156616211e-01
6.672665476799011230e-02
9.700499475002288818e-02
3.952193260192871094e-02
5.077071115374565125e-02
3.059948086738586426e-01
1.982071697711944580e-01
5.751112848520278931e-02
2.075493186712265015e-01
6.902302801609039307e-02
2.834070920944213867e-01
1.806948184967041016e-01
3.791716694831848145e-01
1.675942093133926392e-01
4.430795460939407349e-02
1.834323257207870483e-02
3.126740157604217529e-01
2.368773818016052246e-01
5.562064796686172485e-02
8.140888065099716187e-02
5.408277362585067749e-02
2.221133932471275330e-02
9.641391038894653320e-02
1.662191003561019897e-02
1.482603251934051514e-01
5.214230343699455261e-02
2.103826403617858887e-01
1.910201609134674072e-01
6.622689962387084961e-02
1.951805651187896729e-01
3.735396265983581543e-02
1.458004266023635864e-01
5.038557574152946472e-02
1.389909088611602783e-01
1.041536331176757812e-01
1.202315092086791992e-01
1.263029575347900391e-01
2.265543937683105469e-01
5.023598670959472656e-02
1.394468359649181366e-02
4.804240912199020386e-02
1.284691095352172852e-01
6.931133568286895752e-02
6.863579154014587402e-02
7.067123800516128540e-02
