1.281113862991333008e+00
1.122969865798950195e+00
9.487720727920532227e-01
7.388695478439331055e-01
5.696728825569152832e-01
5.736750960350036621e-01
4.850535094738006592e-01
3.985954523086547852e-01
1.461603492498397827e-01
2.904972732067108154e-01
2.896982431411743164e-01
3.433231711387634277e-01
2.517800927162170410e-01
3.536396622657775879e-01
2.832714319229125977e-01
2.330878525972366333e-01
1.210099756717681885e-01
2.272174805402755737e-01
2.657311558723449707e-01
3.103092908859252930e-01
3.147549033164978027e-01
2.819495797157287598e-01
2.665646672248840332e-01
1.340558230876922607e-01
2.386186122894287109e-01
3.441649079322814941e-01
2.951674163341522217e-01
1.004921793937683105e-01
1.590097248554229736e-01
2.494088262319564819e-01
8.389212191104888916e-02
1.582199782133102417e-01
1.806264072656631470e-01
1.142726168036460876e-01
1.651287674903869629e-01
1.557715088129043579e-01
3.509913086891174316e-01
3.561180233955383301e-01
1.043122410774230957e-01
2.064152061939239502e-01
6.171828508377075195e-02
1.934634298086166382e-01
1.661004871129989624e-01
1.825424730777740479e-01
2.000241577625274658e-01
1.781157255172729492e-01
2.453649342060089111e-01
2.795021533966064453e-01
2.124384045600891113e-01
2.198653519153594971e-01
8.640983700752258301e-02
2.372681498527526855e-01
1.861173063516616821e-01
6.949806213378906250e-02
7.001897692680358887e-02
9.922765195369720459e-02
1.053651645779609680e-01
9.665304422378540039e-02
2.078817188739776611e-01
3.308944702148437500e-01
6.858339160680770874e-02
4.499795436859130859e-01
1.223201900720596313e-01
1.686119735240936279e-01
1.582409590482711792e-01
1.878302991390228271e-01
8.458544313907623291e-02
3.946842998266220093e-02
1.036799252033233643e-01
8.219295740127563477e-02
5.970782414078712463e-02
1.930807530879974365e-01
3.595971316099166870e-02
1.437743604183197021e-01
1.097246631979942322e-01
1.616716235876083374e-01
6.624466180801391602e-02
7.551945745944976807e-02
1.537348926067352295e-01
1.063321009278297424e-01
1.582053601741790771e-01
8.668813109397888184e-02
1.156139746308326721e-01
5.133236944675445557e-02
4.703158885240554810e-02
1.150309070944786072e-01
1.833545863628387451e-01
1.124722361564636230e-01
3.312778472900390625e-02
1.546800583600997925e-01
1.050518676638603210e-01
3.904633224010467529e-02
1.280456632375717163e-01
1.534969210624694824e-01
1.974563896656036377e-01
5.569609999656677246e-02
1.024976596236228943e-01
3.721629455685615540e-02
5.591313540935516357e-02
1.388393044471740723e-01
