1.169601440429687500e+00
9.718338251113891602e-01
8.423703312873840332e-01
7.108606100082397461e-01
5.031632184982299805e-01
5.904699563980102539e-01
3.378659784793853760e-01
3.367730379104614258e-01
4.225505292415618896e-01
3.379480838775634766e-01
3.166591823101043701e-01
1.565582007169723511e-01
2.445444762706756592e-01
2.186971306800842285e-01
2.467055767774581909e-01
3.215185403823852539e-01
5.391025543212890625e-01
3.025048077106475830e-01
8.338216692209243774e-02
2.049837261438369751e-01
2.250478267669677734e-01
2.777590155601501465e-01
5.368912816047668457e-01
1.793717145919799805e-01
3.650698661804199219e-01
3.636746406555175781e-01
4.450275301933288574e-01
1.814250200986862183e-01
1.828467398881912231e-01
2.784553766250610352e-01
1.439112424850463867e-01
2.934659421443939209e-01
3.934546709060668945e-01
9.576404839754104614e-02
1.551283895969390869e-01
1.359366029500961304e-01
1.569168120622634888e-01
2.879804968833923340e-01
1.471621543169021606e-01
3.141061663627624512e-01
1.917077600955963135e-01
2.192809283733367920e-01
1.150647625327110291e-01
1.620882898569107056e-01
6.771889328956604004e-02
8.235059678554534912e-02
3.309634625911712646e-01
1.364779323339462280e-01
1.845285594463348389e-01
2.772573009133338928e-02
2.504225373268127441e-01
1.683616787195205688e-01
1.486835479736328125e-01
1.077210605144500732e-01
4.039345979690551758e-01
1.453553736209869385e-01
3.951249718666076660e-01
3.423967659473419189e-01
2.298659980297088623e-01
7.621855288743972778e-02
2.462580502033233643e-01
1.274765282869338989e-01
7.008749246597290039e-02
1.546868681907653809e-01
2.391825616359710693e-01
9.692583233118057251e-02
3.288244307041168213e-01
1.930742114782333374e-01
2.717565000057220459e-01
8.604130148887634277e-02
2.126570641994476318e-01
3.899595886468887329e-02
2.809896878898143768e-02
1.815189123153686523e-01
1.131906807422637939e-01
9.051537513732910156e-02
1.257994323968887329e-01
5.517039895057678223e-01
1.596145480871200562e-01
2.261024340987205505e-02
3.030679225921630859e-01
2.161222323775291443e-02
1.441150605678558350e-01
1.127618849277496338e-01
1.824010610580444336e-01
1.242553964257240295e-01
2.432449460029602051e-01
7.349990308284759521e-02
8.294844627380371094e-02
1.215160042047500610e-01
1.519976407289505005e-01
2.478178739547729492e-01
5.105382204055786133e-01
2.300371676683425903e-01
2.729291319847106934e-01
1.165854781866073608e-01
1.308143734931945801e-01
2.048286646604537964e-01
1.818756610155105591e-01
1.877709925174713135e-01
