6.333333333333333037e-01
6.358333333333333615e-01
7.916666666666666297e-01
8.191666666666667096e-01
8.166666666666666519e-01
8.566666666666666874e-01
8.716666666666667007e-01
8.691666666666666430e-01
8.475000000000000311e-01
8.741666666666666474e-01
8.299999999999999600e-01
8.733333333333332948e-01
8.816666666666667096e-01
8.691666666666666430e-01
8.208333333333333037e-01
8.708333333333333481e-01
8.558333333333333348e-01
8.791666666666666519e-01
8.483333333333333837e-01
8.774999999999999467e-01
8.874999999999999556e-01
8.891666666666666607e-01
8.833333333333333037e-01
8.741666666666666474e-01
8.616666666666666918e-01
8.841666666666666563e-01
8.900000000000000133e-01
8.774999999999999467e-01
8.924999999999999600e-01
8.675000000000000488e-01
8.833333333333333037e-01
8.808333333333333570e-01
8.916666666666667185e-01
8.916666666666667185e-01
8.891666666666666607e-01
8.816666666666667096e-01
8.791666666666666519e-01
8.641666666666666385e-01
8.891666666666666607e-01
8.808333333333333570e-01
8.499999999999999778e-01
8.858333333333333615e-01
8.874999999999999556e-01
8.750000000000000000e-01
8.958333333333333703e-01
8.958333333333333703e-01
8.941666666666666652e-01
8.191666666666667096e-01
8.658333333333333437e-01
8.983333333333333171e-01
8.958333333333333703e-01
9.000000000000000222e-01
8.958333333333333703e-01
9.033333333333333215e-01
9.033333333333333215e-01
9.000000000000000222e-01
9.050000000000000266e-01
9.083333333333333259e-01
9.091666666666666785e-01
9.083333333333333259e-01
9.074999999999999734e-01
8.866666666666667140e-01
9.116666666666666252e-01
9.024999999999999689e-01
8.974999999999999645e-01
9.033333333333333215e-01
9.100000000000000311e-01
9.091666666666666785e-01
9.033333333333333215e-01
9.033333333333333215e-01
8.983333333333333171e-01
9.033333333333333215e-01
9.058333333333333792e-01
9.100000000000000311e-01
9.133333333333333304e-01
9.100000000000000311e-01
9.041666666666666741e-01
9.108333333333333837e-01
9.033333333333333215e-01
9.124999999999999778e-01
9.083333333333333259e-01
9.074999999999999734e-01
9.074999999999999734e-01
9.116666666666666252e-01
9.091666666666666785e-01
9.083333333333333259e-01
9.133333333333333304e-01
9.124999999999999778e-01
9.074999999999999734e-01
9.116666666666666252e-01
9.141666666666666829e-01
9.066666666666666208e-01
9.008333333333333748e-01
9.116666666666666252e-01
9.116666666666666252e-01
9.124999999999999778e-01
9.100000000000000311e-01
9.058333333333333792e-01
9.108333333333333837e-01
9.158333333333333881e-01
