4.616666666666666696e-01
5.124999999999999556e-01
7.291666666666666297e-01
7.874999999999999778e-01
8.349999999999999645e-01
8.399999999999999689e-01
8.483333333333333837e-01
8.349999999999999645e-01
7.750000000000000222e-01
8.808333333333333570e-01
8.716666666666667007e-01
8.883333333333333082e-01
8.774999999999999467e-01
8.116666666666666474e-01
8.191666666666667096e-01
8.750000000000000000e-01
8.716666666666667007e-01
8.508333333333333304e-01
8.808333333333333570e-01
8.608333333333333393e-01
8.841666666666666563e-01
8.958333333333333703e-01
8.850000000000000089e-01
8.858333333333333615e-01
8.974999999999999645e-01
8.891666666666666607e-01
8.466666666666666785e-01
8.950000000000000178e-01
8.883333333333333082e-01
8.475000000000000311e-01
8.883333333333333082e-01
9.058333333333333792e-01
9.058333333333333792e-01
9.016666666666666163e-01
9.074999999999999734e-01
8.916666666666667185e-01
9.116666666666666252e-01
9.091666666666666785e-01
8.850000000000000089e-01
8.874999999999999556e-01
8.983333333333333171e-01
9.083333333333333259e-01
9.016666666666666163e-01
9.074999999999999734e-01
9.083333333333333259e-01
8.683333333333332904e-01
9.091666666666666785e-01
8.774999999999999467e-01
9.066666666666666208e-01
8.958333333333333703e-01
9.141666666666666829e-01
9.091666666666666785e-01
9.066666666666666208e-01
9.166666666666666297e-01
9.124999999999999778e-01
9.150000000000000355e-01
9.066666666666666208e-01
9.216666666666666341e-01
8.924999999999999600e-01
9.158333333333333881e-01
9.158333333333333881e-01
9.108333333333333837e-01
9.200000000000000400e-01
9.091666666666666785e-01
9.108333333333333837e-01
9.124999999999999778e-01
9.158333333333333881e-01
9.091666666666666785e-01
9.074999999999999734e-01
9.158333333333333881e-01
9.083333333333333259e-01
9.141666666666666829e-01
9.174999999999999822e-01
9.141666666666666829e-01
9.041666666666666741e-01
9.141666666666666829e-01
9.083333333333333259e-01
9.074999999999999734e-01
9.208333333333332815e-01
9.133333333333333304e-01
9.083333333333333259e-01
9.116666666666666252e-01
9.108333333333333837e-01
9.091666666666666785e-01
9.008333333333333748e-01
9.158333333333333881e-01
9.166666666666666297e-01
8.933333333333333126e-01
9.158333333333333881e-01
9.216666666666666341e-01
9.183333333333333348e-01
9.200000000000000400e-01
9.191666666666666874e-01
9.033333333333333215e-01
9.208333333333332815e-01
9.208333333333332815e-01
9.241666666666666918e-01
9.033333333333333215e-01
9.241666666666666918e-01
9.233333333333333393e-01
