5.583333333333333481e-01
6.125000000000000444e-01
7.624999999999999556e-01
8.199999999999999512e-01
7.933333333333333348e-01
8.333333333333333703e-01
8.275000000000000133e-01
8.599999999999999867e-01
8.425000000000000266e-01
8.591666666666666341e-01
8.766666666666667052e-01
7.916666666666666297e-01
8.391666666666666163e-01
8.675000000000000488e-01
8.908333333333333659e-01
8.924999999999999600e-01
8.883333333333333082e-01
8.891666666666666607e-01
8.774999999999999467e-01
8.516666666666666829e-01
8.950000000000000178e-01
8.924999999999999600e-01
8.883333333333333082e-01
8.958333333333333703e-01
9.016666666666666163e-01
8.974999999999999645e-01
8.858333333333333615e-01
8.924999999999999600e-01
8.908333333333333659e-01
8.974999999999999645e-01
8.941666666666666652e-01
9.041666666666666741e-01
8.625000000000000444e-01
8.900000000000000133e-01
8.866666666666667140e-01
9.008333333333333748e-01
9.024999999999999689e-01
9.016666666666666163e-01
9.083333333333333259e-01
8.783333333333332993e-01
9.074999999999999734e-01
9.016666666666666163e-01
8.916666666666667185e-01
9.091666666666666785e-01
8.874999999999999556e-01
9.024999999999999689e-01
8.958333333333333703e-01
8.675000000000000488e-01
9.091666666666666785e-01
9.083333333333333259e-01
9.050000000000000266e-01
9.083333333333333259e-01
9.091666666666666785e-01
9.108333333333333837e-01
9.141666666666666829e-01
9.024999999999999689e-01
8.983333333333333171e-01
8.858333333333333615e-01
9.083333333333333259e-01
9.174999999999999822e-01
8.966666666666666119e-01
9.124999999999999778e-01
9.116666666666666252e-01
9.124999999999999778e-01
9.183333333333333348e-01
9.091666666666666785e-01
9.083333333333333259e-01
9.150000000000000355e-01
9.133333333333333304e-01
9.133333333333333304e-01
9.108333333333333837e-01
8.983333333333333171e-01
9.191666666666666874e-01
9.016666666666666163e-01
9.050000000000000266e-01
9.174999999999999822e-01
9.174999999999999822e-01
9.183333333333333348e-01
9.083333333333333259e-01
9.041666666666666741e-01
9.108333333333333837e-01
9.208333333333332815e-01
9.200000000000000400e-01
9.241666666666666918e-01
9.191666666666666874e-01
9.066666666666666208e-01
9.200000000000000400e-01
9.258333333333332860e-01
9.283333333333333437e-01
9.241666666666666918e-01
9.216666666666666341e-01
9.258333333333332860e-01
9.224999999999999867e-01
9.174999999999999822e-01
9.200000000000000400e-01
9.108333333333333837e-01
9.174999999999999822e-01
9.250000000000000444e-01
9.258333333333332860e-01
9.266666666666666385e-01
