1.180830478668212891e+00
9.989483356475830078e-01
7.635909914970397949e-01
7.220623493194580078e-01
6.655319929122924805e-01
5.008470416069030762e-01
5.284568071365356445e-01
3.220287859439849854e-01
3.546348810195922852e-01
2.847535908222198486e-01
4.371002316474914551e-01
2.956028580665588379e-01
2.821953594684600830e-01
2.993982434272766113e-01
1.710603833198547363e-01
2.209317684173583984e-01
1.976600438356399536e-01
5.582901239395141602e-01
3.042868077754974365e-01
2.282695323228836060e-01
2.063923627138137817e-01
5.639612674713134766e-01
2.346181124448776245e-01
1.990504115819931030e-01
4.182909727096557617e-01
1.866536736488342285e-01
2.904621064662933350e-01
2.598457634449005127e-01
1.330184638500213623e-01
1.850850582122802734e-01
1.694283336400985718e-01
1.521688103675842285e-01
1.613743305206298828e-01
2.213970720767974854e-01
1.588818430900573730e-01
4.432292878627777100e-01
2.705111503601074219e-01
2.291337847709655762e-01
3.744410574436187744e-01
1.286294609308242798e-01
1.510225236415863037e-01
4.391481876373291016e-01
1.286374777555465698e-01
1.637912690639495850e-01
3.146334290504455566e-01
1.207207739353179932e-01
3.038260526955127716e-02
2.785527706146240234e-01
1.973468065261840820e-01
1.825207471847534180e-01
8.065188676118850708e-02
1.267015337944030762e-01
6.252917647361755371e-02
6.779541075229644775e-02
1.276115924119949341e-01
2.698346972465515137e-01
5.119209736585617065e-02
7.924449443817138672e-02
3.025144636631011963e-01
6.118876859545707703e-02
1.055827811360359192e-01
1.407479792833328247e-01
7.284329831600189209e-02
2.146723866462707520e-01
3.120638988912105560e-02
1.355931013822555542e-01
1.027296036481857300e-01
1.111034974455833435e-01
2.236681282520294189e-01
1.793683916330337524e-01
8.651089668273925781e-02
1.507855057716369629e-01
1.768180131912231445e-01
2.961410582065582275e-02
1.007280200719833374e-01
5.614689737558364868e-02
2.185202091932296753e-01
7.762553542852401733e-02
1.453251242637634277e-01
1.645397841930389404e-01
4.562894627451896667e-02
9.171055257320404053e-02
1.129531301558017731e-02
6.372305005788803101e-02
1.960705518722534180e-01
8.871141076087951660e-02
3.230299353599548340e-01
6.861817836761474609e-02
2.752313017845153809e-01
1.796746999025344849e-01
5.423291120678186417e-03
6.155717745423316956e-02
2.114118635654449463e-01
8.223350346088409424e-02
7.112560421228408813e-02
3.688180446624755859e-01
4.552811011672019958e-02
4.972095787525177002e-02
2.343690842390060425e-01
3.331507742404937744e-02
