1.263802289962768555e+00
1.133253335952758789e+00
5.542396306991577148e-01
8.604751825332641602e-01
4.908733069896697998e-01
5.729557275772094727e-01
4.883420765399932861e-01
4.129686057567596436e-01
3.253356218338012695e-01
5.184195041656494141e-01
4.370182454586029053e-01
1.737518608570098877e-01
3.899109959602355957e-01
3.060615062713623047e-01
3.496655821800231934e-01
2.671803534030914307e-01
3.021386265754699707e-01
2.181177437305450439e-01
2.491033673286437988e-01
3.749988377094268799e-01
2.149030566215515137e-01
9.273494780063629150e-02
2.157444655895233154e-01
9.274189174175262451e-02
2.801783084869384766e-01
1.881969869136810303e-01
1.793247759342193604e-01
3.275465965270996094e-01
1.660263389348983765e-01
2.195491939783096313e-01
1.881796866655349731e-01
1.173558011651039124e-01
1.593704223632812500e-01
2.697864770889282227e-01
7.000634074211120605e-02
1.512959897518157959e-01
2.748267948627471924e-01
9.017053991556167603e-02
1.690850108861923218e-01
7.833059877157211304e-02
2.714579999446868896e-01
1.794563680887222290e-01
1.892207860946655273e-01
1.754862517118453979e-01
1.950624883174896240e-01
4.397718980908393860e-02
8.891069889068603516e-02
2.831886410713195801e-01
2.961426377296447754e-01
1.093388125300407410e-01
2.002353668212890625e-01
1.301460117101669312e-01
9.492976963520050049e-02
2.463131248950958252e-01
3.161256909370422363e-01
2.091378420591354370e-01
5.056864768266677856e-02
2.315694987773895264e-01
1.141423061490058899e-01
1.208121255040168762e-01
1.846620738506317139e-01
1.358904093503952026e-01
2.978559955954551697e-02
1.016066148877143860e-01
1.622541546821594238e-01
1.451176404953002930e-01
6.260891258716583252e-02
1.066027879714965820e-01
1.915041208267211914e-01
1.645545959472656250e-01
5.455449223518371582e-02
8.629728108644485474e-02
1.615245342254638672e-01
7.728093862533569336e-02
1.666308492422103882e-01
2.654929272830486298e-02
7.885999977588653564e-02
2.942997813224792480e-01
8.282329142093658447e-02
3.797006011009216309e-01
1.146517992019653320e-01
6.263703107833862305e-02
7.654060423374176025e-02
1.621875166893005371e-01
1.173429843038320541e-02
7.069287449121475220e-02
1.899182796478271484e-01
1.393700987100601196e-01
1.201140955090522766e-01
1.631206870079040527e-01
8.778846263885498047e-02
3.831854090094566345e-02
1.806278079748153687e-01
1.121833100914955139e-01
7.881207019090652466e-02
1.553421914577484131e-01
5.672054737806320190e-02
1.574608869850635529e-02
4.072275385260581970e-02
5.592634901404380798e-02
