5.291666666666666741e-01
5.841666666666666119e-01
5.300000000000000266e-01
7.041666666666667185e-01
6.949999999999999512e-01
8.041666666666666963e-01
8.125000000000000000e-01
8.008333333333332860e-01
8.258333333333333082e-01
8.341666666666666119e-01
8.483333333333333837e-01
8.066666666666666430e-01
8.516666666666666829e-01
8.125000000000000000e-01
7.991666666666666918e-01
8.425000000000000266e-01
8.708333333333333481e-01
8.725000000000000533e-01
8.683333333333332904e-01
8.733333333333332948e-01
8.725000000000000533e-01
8.750000000000000000e-01
8.816666666666667096e-01
8.816666666666667096e-01
8.808333333333333570e-01
8.816666666666667096e-01
8.841666666666666563e-01
8.675000000000000488e-01
8.850000000000000089e-01
8.599999999999999867e-01
8.824999999999999512e-01
8.699999999999999956e-01
8.658333333333333437e-01
8.841666666666666563e-01
8.750000000000000000e-01
8.924999999999999600e-01
8.858333333333333615e-01
8.916666666666667185e-01
8.924999999999999600e-01
8.866666666666667140e-01
8.774999999999999467e-01
8.791666666666666519e-01
8.866666666666667140e-01
8.000000000000000444e-01
8.716666666666667007e-01
8.891666666666666607e-01
8.816666666666667096e-01
8.800000000000000044e-01
8.816666666666667096e-01
8.900000000000000133e-01
8.774999999999999467e-01
8.858333333333333615e-01
8.816666666666667096e-01
8.941666666666666652e-01
8.808333333333333570e-01
8.824999999999999512e-01
8.816666666666667096e-01
8.908333333333333659e-01
8.858333333333333615e-01
8.908333333333333659e-01
8.933333333333333126e-01
8.874999999999999556e-01
9.008333333333333748e-01
8.908333333333333659e-01
8.716666666666667007e-01
8.891666666666666607e-01
8.924999999999999600e-01
8.858333333333333615e-01
8.816666666666667096e-01
8.941666666666666652e-01
8.891666666666666607e-01
8.774999999999999467e-01
8.908333333333333659e-01
9.000000000000000222e-01
8.941666666666666652e-01
8.866666666666667140e-01
8.858333333333333615e-01
8.816666666666667096e-01
9.024999999999999689e-01
8.841666666666666563e-01
8.833333333333333037e-01
8.874999999999999556e-01
8.966666666666666119e-01
8.950000000000000178e-01
8.774999999999999467e-01
9.050000000000000266e-01
8.958333333333333703e-01
8.933333333333333126e-01
8.850000000000000089e-01
9.008333333333333748e-01
9.000000000000000222e-01
8.883333333333333082e-01
8.958333333333333703e-01
9.008333333333333748e-01
9.050000000000000266e-01
8.908333333333333659e-01
8.966666666666666119e-01
8.941666666666666652e-01
9.024999999999999689e-01
9.008333333333333748e-01
