5.316666666666666208e-01
5.625000000000000000e-01
5.775000000000000133e-01
6.225000000000000533e-01
6.125000000000000444e-01
8.358333333333333171e-01
8.083333333333333481e-01
8.333333333333333703e-01
8.058333333333332904e-01
8.475000000000000311e-01
8.633333333333332860e-01
8.583333333333332815e-01
8.716666666666667007e-01
8.725000000000000533e-01
8.608333333333333393e-01
8.666666666666666963e-01
8.783333333333332993e-01
8.541666666666666297e-01
8.566666666666666874e-01
8.791666666666666519e-01
8.566666666666666874e-01
8.850000000000000089e-01
8.024999999999999911e-01
8.824999999999999512e-01
8.900000000000000133e-01
8.866666666666667140e-01
8.791666666666666519e-01
8.708333333333333481e-01
8.750000000000000000e-01
8.916666666666667185e-01
8.916666666666667185e-01
8.750000000000000000e-01
8.966666666666666119e-01
8.883333333333333082e-01
8.866666666666667140e-01
8.991666666666666696e-01
8.874999999999999556e-01
8.541666666666666297e-01
8.924999999999999600e-01
8.891666666666666607e-01
8.900000000000000133e-01
8.950000000000000178e-01
8.800000000000000044e-01
8.958333333333333703e-01
8.941666666666666652e-01
8.983333333333333171e-01
8.950000000000000178e-01
8.966666666666666119e-01
8.933333333333333126e-01
8.908333333333333659e-01
8.966666666666666119e-01
8.974999999999999645e-01
9.091666666666666785e-01
9.066666666666666208e-01
9.000000000000000222e-01
8.983333333333333171e-01
9.041666666666666741e-01
9.000000000000000222e-01
9.033333333333333215e-01
8.933333333333333126e-01
8.950000000000000178e-01
9.091666666666666785e-01
9.058333333333333792e-01
8.808333333333333570e-01
9.050000000000000266e-01
9.041666666666666741e-01
9.124999999999999778e-01
9.133333333333333304e-01
9.133333333333333304e-01
9.183333333333333348e-01
8.791666666666666519e-01
9.091666666666666785e-01
9.066666666666666208e-01
9.108333333333333837e-01
9.091666666666666785e-01
9.091666666666666785e-01
9.066666666666666208e-01
9.108333333333333837e-01
9.116666666666666252e-01
9.058333333333333792e-01
8.750000000000000000e-01
9.100000000000000311e-01
9.150000000000000355e-01
9.116666666666666252e-01
9.024999999999999689e-01
9.116666666666666252e-01
9.124999999999999778e-01
9.100000000000000311e-01
9.158333333333333881e-01
9.141666666666666829e-01
9.066666666666666208e-01
9.133333333333333304e-01
9.141666666666666829e-01
9.000000000000000222e-01
8.933333333333333126e-01
9.158333333333333881e-01
9.141666666666666829e-01
9.050000000000000266e-01
9.058333333333333792e-01
9.091666666666666785e-01
