1.255941867828369141e+00
9.633340835571289062e-01
8.970940113067626953e-01
9.322329759597778320e-01
9.294267892837524414e-01
5.680673122406005859e-01
5.158712863922119141e-01
3.460905253887176514e-01
3.767791390419006348e-01
3.184357583522796631e-01
3.963718712329864502e-01
2.949441671371459961e-01
3.210525810718536377e-01
1.819689571857452393e-01
1.748474091291427612e-01
2.727227210998535156e-01
2.961029410362243652e-01
1.300181895494461060e-01
3.052859306335449219e-01
3.037527799606323242e-01
4.356812536716461182e-01
2.921297550201416016e-01
4.538879990577697754e-01
3.641809821128845215e-01
2.996765673160552979e-01
1.379373967647552490e-01
2.111116945743560791e-01
2.492555975914001465e-01
2.014607191085815430e-01
1.399243623018264771e-01
3.502080440521240234e-01
2.991852760314941406e-01
2.485466003417968750e-01
4.607940316200256348e-01
2.742826342582702637e-01
3.104508817195892334e-01
1.151023358106613159e-01
4.195050299167633057e-01
2.629363834857940674e-01
2.356135249137878418e-01
1.257584244012832642e-01
2.334996461868286133e-01
1.621061265468597412e-01
4.210693538188934326e-01
2.435587197542190552e-01
3.715459108352661133e-01
2.963103652000427246e-01
1.428793966770172119e-01
5.955143272876739502e-02
9.558751434087753296e-02
1.293143182992935181e-01
9.234532713890075684e-02
2.184135615825653076e-01
1.417957693338394165e-01
1.498018801212310791e-01
1.361391097307205200e-01
5.153153836727142334e-02
5.788159370422363281e-02
1.440827250480651855e-01
3.166504576802253723e-02
1.265752017498016357e-01
1.536068618297576904e-01
3.398196697235107422e-01
3.141083717346191406e-01
1.274702548980712891e-01
2.598914504051208496e-01
1.843729168176651001e-01
1.099350452423095703e-01
1.011072993278503418e-01
2.914190888404846191e-01
1.083023473620414734e-01
8.391144871711730957e-02
1.805828884243965149e-02
1.210675314068794250e-01
5.029717087745666504e-02
8.857079595327377319e-02
1.420900821685791016e-01
5.243825316429138184e-01
1.926887221634387970e-02
4.713590443134307861e-02
8.662696182727813721e-02
3.838162124156951904e-02
1.656162142753601074e-01
4.772305116057395935e-02
3.552201762795448303e-02
4.016552865505218506e-02
8.532627671957015991e-02
1.401426456868648529e-02
2.434684038162231445e-01
3.261576592922210693e-02
4.655419290065765381e-02
1.024448797106742859e-01
1.396400928497314453e-01
7.996967434883117676e-02
8.541361987590789795e-02
7.077304273843765259e-02
5.050183460116386414e-02
3.230005130171775818e-02
2.397705614566802979e-02
8.295774459838867188e-02
