5.416666666666666297e-01
7.016666666666666607e-01
7.583333333333333037e-01
8.191666666666667096e-01
8.266666666666666607e-01
8.575000000000000400e-01
8.208333333333333037e-01
8.558333333333333348e-01
8.783333333333332993e-01
8.425000000000000266e-01
8.108333333333332948e-01
8.708333333333333481e-01
8.858333333333333615e-01
8.750000000000000000e-01
8.883333333333333082e-01
8.333333333333333703e-01
8.541666666666666297e-01
8.608333333333333393e-01
8.333333333333333703e-01
8.850000000000000089e-01
8.866666666666667140e-01
8.991666666666666696e-01
8.958333333333333703e-01
8.616666666666666918e-01
8.991666666666666696e-01
8.891666666666666607e-01
8.766666666666667052e-01
8.900000000000000133e-01
9.041666666666666741e-01
8.924999999999999600e-01
9.058333333333333792e-01
8.783333333333332993e-01
8.499999999999999778e-01
9.008333333333333748e-01
9.016666666666666163e-01
8.950000000000000178e-01
8.658333333333333437e-01
8.591666666666666341e-01
8.874999999999999556e-01
8.924999999999999600e-01
9.008333333333333748e-01
9.066666666666666208e-01
8.858333333333333615e-01
8.950000000000000178e-01
9.008333333333333748e-01
9.066666666666666208e-01
9.041666666666666741e-01
8.591666666666666341e-01
8.750000000000000000e-01
9.058333333333333792e-01
8.924999999999999600e-01
9.074999999999999734e-01
8.991666666666666696e-01
9.091666666666666785e-01
9.066666666666666208e-01
8.900000000000000133e-01
8.974999999999999645e-01
8.908333333333333659e-01
8.966666666666666119e-01
8.974999999999999645e-01
9.074999999999999734e-01
9.116666666666666252e-01
9.066666666666666208e-01
8.708333333333333481e-01
9.008333333333333748e-01
9.108333333333333837e-01
8.575000000000000400e-01
9.074999999999999734e-01
9.108333333333333837e-01
9.174999999999999822e-01
8.850000000000000089e-01
9.074999999999999734e-01
9.100000000000000311e-01
9.000000000000000222e-01
9.041666666666666741e-01
9.124999999999999778e-01
9.158333333333333881e-01
9.074999999999999734e-01
9.108333333333333837e-01
9.133333333333333304e-01
9.066666666666666208e-01
9.100000000000000311e-01
9.158333333333333881e-01
9.141666666666666829e-01
9.150000000000000355e-01
8.983333333333333171e-01
9.066666666666666208e-01
9.133333333333333304e-01
9.116666666666666252e-01
9.124999999999999778e-01
9.033333333333333215e-01
9.058333333333333792e-01
8.933333333333333126e-01
9.158333333333333881e-01
9.024999999999999689e-01
9.200000000000000400e-01
8.991666666666666696e-01
9.141666666666666829e-01
9.141666666666666829e-01
9.141666666666666829e-01
