5.183333333333333126e-01
5.683333333333333570e-01
5.916666666666666741e-01
6.083333333333332815e-01
7.108333333333333171e-01
8.000000000000000444e-01
8.333333333333333703e-01
8.575000000000000400e-01
8.491666666666666252e-01
8.325000000000000178e-01
8.491666666666666252e-01
8.708333333333333481e-01
8.850000000000000089e-01
8.499999999999999778e-01
8.833333333333333037e-01
8.900000000000000133e-01
8.625000000000000444e-01
8.733333333333332948e-01
8.783333333333332993e-01
8.725000000000000533e-01
8.891666666666666607e-01
8.874999999999999556e-01
8.900000000000000133e-01
8.891666666666666607e-01
8.850000000000000089e-01
8.874999999999999556e-01
8.958333333333333703e-01
8.741666666666666474e-01
8.633333333333332860e-01
8.874999999999999556e-01
8.950000000000000178e-01
8.791666666666666519e-01
8.850000000000000089e-01
8.950000000000000178e-01
8.958333333333333703e-01
8.858333333333333615e-01
9.016666666666666163e-01
8.816666666666667096e-01
8.991666666666666696e-01
9.033333333333333215e-01
8.900000000000000133e-01
8.591666666666666341e-01
8.933333333333333126e-01
9.033333333333333215e-01
8.649999999999999911e-01
8.900000000000000133e-01
8.933333333333333126e-01
8.891666666666666607e-01
9.000000000000000222e-01
8.874999999999999556e-01
8.991666666666666696e-01
9.024999999999999689e-01
8.858333333333333615e-01
9.066666666666666208e-01
9.100000000000000311e-01
9.091666666666666785e-01
9.083333333333333259e-01
9.091666666666666785e-01
9.083333333333333259e-01
9.024999999999999689e-01
8.974999999999999645e-01
9.083333333333333259e-01
9.124999999999999778e-01
9.216666666666666341e-01
9.066666666666666208e-01
9.174999999999999822e-01
8.916666666666667185e-01
8.850000000000000089e-01
9.141666666666666829e-01
9.174999999999999822e-01
8.974999999999999645e-01
9.074999999999999734e-01
8.991666666666666696e-01
9.150000000000000355e-01
9.091666666666666785e-01
8.966666666666666119e-01
9.024999999999999689e-01
9.133333333333333304e-01
9.150000000000000355e-01
9.016666666666666163e-01
9.050000000000000266e-01
9.133333333333333304e-01
9.183333333333333348e-01
8.950000000000000178e-01
9.208333333333332815e-01
9.150000000000000355e-01
8.916666666666667185e-01
9.083333333333333259e-01
9.108333333333333837e-01
8.883333333333333082e-01
9.024999999999999689e-01
9.091666666666666785e-01
9.141666666666666829e-01
9.158333333333333881e-01
9.200000000000000400e-01
9.166666666666666297e-01
9.141666666666666829e-01
9.274999999999999911e-01
9.141666666666666829e-01
9.200000000000000400e-01
