1.325140714645385742e+00
1.083371996879577637e+00
9.660910964012145996e-01
6.813582777976989746e-01
7.583988308906555176e-01
6.003172397613525391e-01
6.569413542747497559e-01
6.056270599365234375e-01
3.270169496536254883e-01
3.881533145904541016e-01
5.048217177391052246e-01
2.838470935821533203e-01
4.293427467346191406e-01
2.430272698402404785e-01
4.899852275848388672e-01
4.492132663726806641e-01
1.094794571399688721e-01
1.825332492589950562e-01
2.418731898069381714e-01
3.638527989387512207e-01
2.496543526649475098e-01
8.393973857164382935e-02
3.178192377090454102e-01
1.474251598119735718e-01
2.011460363864898682e-01
2.403080761432647705e-01
2.312728464603424072e-01
2.480770051479339600e-01
4.505119621753692627e-01
2.462428212165832520e-01
1.583727002143859863e-01
2.650025188922882080e-01
1.300683170557022095e-01
1.003932952880859375e-01
2.110383659601211548e-01
1.707128882408142090e-01
1.782668828964233398e-01
1.393358558416366577e-01
1.694197356700897217e-01
3.288670778274536133e-01
2.504142820835113525e-01
4.089949727058410645e-01
2.035565972328186035e-01
1.669911891222000122e-01
4.314996302127838135e-02
1.805325150489807129e-01
2.141221463680267334e-01
8.539819717407226562e-02
5.207991600036621094e-01
4.575682580471038818e-01
1.873227506875991821e-01
2.049140632152557373e-02
2.402904778718948364e-01
2.173287570476531982e-01
9.611013531684875488e-02
3.192788958549499512e-01
2.505626678466796875e-01
1.360195428133010864e-01
1.048905253410339355e-01
9.586083143949508667e-02
1.265997886657714844e-01
2.719047665596008301e-01
3.995279967784881592e-01
2.708195447921752930e-01
1.091901585459709167e-01
1.876776516437530518e-01
4.209417849779129028e-02
1.339403688907623291e-01
2.027414143085479736e-01
9.051384031772613525e-02
1.318883001804351807e-01
2.028918266296386719e-01
2.247061133384704590e-01
1.339677721261978149e-01
8.029848337173461914e-02
7.071039825677871704e-02
5.096049606800079346e-02
1.001248657703399658e-01
2.977650240063667297e-02
1.223676204681396484e-01
8.570466935634613037e-02
3.157051801681518555e-01
5.086934566497802734e-02
1.131316274404525757e-01
8.652722090482711792e-02
1.025291755795478821e-01
1.433078050613403320e-01
2.839435935020446777e-01
1.426143646240234375e-01
5.898591876029968262e-01
3.332337141036987305e-01
1.490156203508377075e-01
1.120203658938407898e-01
9.921947121620178223e-02
6.496065109968185425e-02
9.482010453939437866e-02
1.753486245870590210e-01
7.963228225708007812e-02
1.821422427892684937e-01
2.657665014266967773e-01
