1.314642190933227539e+00
1.075210571289062500e+00
9.517369866371154785e-01
7.608259916305541992e-01
5.077557563781738281e-01
5.234467983245849609e-01
5.234293937683105469e-01
3.984986841678619385e-01
2.654944956302642822e-01
3.999459147453308105e-01
3.809415698051452637e-01
1.651112288236618042e-01
3.591873645782470703e-01
2.868362665176391602e-01
3.059810400009155273e-01
2.775569558143615723e-01
2.067383229732513428e-01
3.588380217552185059e-01
2.926298975944519043e-01
2.506067752838134766e-01
2.507705390453338623e-01
3.256487250328063965e-01
9.476727247238159180e-02
1.984292864799499512e-01
2.314755320549011230e-01
3.168066143989562988e-01
1.512166410684585571e-01
1.349785029888153076e-01
3.247710466384887695e-01
2.766543030738830566e-01
1.624540686607360840e-01
2.558599114418029785e-01
2.141264379024505615e-01
3.056227266788482666e-01
2.109708338975906372e-01
2.319088876247406006e-01
5.307957530021667480e-02
2.227709293365478516e-01
1.640699952840805054e-01
3.565019071102142334e-01
1.917740404605865479e-01
2.208862006664276123e-01
1.873627454042434692e-01
3.928686678409576416e-02
1.213072985410690308e-01
1.877756416797637939e-01
1.440844237804412842e-01
8.596348762512207031e-02
1.209589168429374695e-01
3.921486809849739075e-02
2.399377524852752686e-01
2.079661190509796143e-01
1.017462685704231262e-01
2.037790864706039429e-01
1.976387500762939453e-01
5.205206871032714844e-01
5.652309954166412354e-02
2.074076682329177856e-01
7.894435524940490723e-02
9.733922034502029419e-02
1.621352434158325195e-01
2.542897164821624756e-01
1.133450120687484741e-01
8.877319097518920898e-02
2.845708131790161133e-01
3.036412000656127930e-01
8.786044269800186157e-02
2.093756496906280518e-01
3.739200532436370850e-02
6.899584829807281494e-02
8.498362451791763306e-02
7.665117084980010986e-02
2.502494119107723236e-02
3.033952713012695312e-01
5.327982455492019653e-02
1.279675066471099854e-01
9.231473505496978760e-02
4.025505483150482178e-02
8.269263803958892822e-02
2.799370884895324707e-01
8.448820561170578003e-02
8.059448003768920898e-02
2.529812753200531006e-01
1.618752032518386841e-01
1.226479783654212952e-01
7.491982728242874146e-02
2.835272252559661865e-02
3.073955327272415161e-02
9.112736582756042480e-02
7.859189063310623169e-02
2.199698239564895630e-02
4.920207336544990540e-02
5.585081875324249268e-02
4.517053067684173584e-02
5.772520229220390320e-02
1.667878776788711548e-01
7.604268193244934082e-02
1.059581190347671509e-01
1.915014684200286865e-01
1.409924030303955078e-01
