1.141994476318359375e+00
1.007927417755126953e+00
8.183735609054565430e-01
7.032728195190429688e-01
6.124165654182434082e-01
4.978649616241455078e-01
4.445266723632812500e-01
4.355046153068542480e-01
3.206382989883422852e-01
3.348875939846038818e-01
3.914132416248321533e-01
2.412568181753158569e-01
1.639233380556106567e-01
5.107368826866149902e-01
2.212849557399749756e-01
4.246201813220977783e-01
3.487668037414550781e-01
2.892976403236389160e-01
3.977995216846466064e-01
2.954470217227935791e-01
1.636513918638229370e-01
2.874434888362884521e-01
1.422896385192871094e-01
4.297924637794494629e-01
4.602763056755065918e-01
8.846859633922576904e-02
2.109484672546386719e-01
8.439446985721588135e-02
2.827605009078979492e-01
2.684896290302276611e-01
2.505644857883453369e-01
2.518416047096252441e-01
3.024539053440093994e-01
1.255905628204345703e-01
4.835321903228759766e-01
2.636226713657379150e-01
2.342363744974136353e-01
1.127527728676795959e-01
2.593945860862731934e-01
2.821300327777862549e-01
2.054469883441925049e-01
2.480141520500183105e-01
8.116599917411804199e-02
2.964586019515991211e-01
3.685801625251770020e-01
1.642779409885406494e-01
3.703168928623199463e-01
2.222723364830017090e-01
4.868153482675552368e-02
2.114993035793304443e-01
1.176121979951858521e-01
7.976813614368438721e-02
1.835185587406158447e-01
2.575312554836273193e-01
1.688835322856903076e-01
1.543945968151092529e-01
3.849861025810241699e-01
2.063196301460266113e-01
2.993337437510490417e-02
1.149628534913063049e-01
1.269389539957046509e-01
1.907280683517456055e-01
8.601260185241699219e-02
1.710219681262969971e-01
3.521120548248291016e-01
1.655017733573913574e-01
7.853280752897262573e-03
6.413973122835159302e-02
9.009291976690292358e-02
3.223277330398559570e-01
1.225188225507736206e-01
8.935368061065673828e-02
2.522713541984558105e-01
5.220565199851989746e-02
5.939369648694992065e-02
9.218317270278930664e-02
1.083853095769882202e-01
4.367609322071075439e-02
1.183758378028869629e-01
1.439831852912902832e-01
5.895701050758361816e-02
2.258937358856201172e-01
1.166324764490127563e-01
1.166804730892181396e-01
8.605430275201797485e-02
2.010807991027832031e-01
3.137792348861694336e-01
6.730110198259353638e-02
1.894071251153945923e-01
2.609730660915374756e-01
8.264026790857315063e-02
7.139155268669128418e-02
4.887086153030395508e-02
7.282972335815429688e-02
1.096991002559661865e-01
1.803311705589294434e-01
1.105135902762413025e-01
2.918722033500671387e-01
9.139567613601684570e-02
1.901978105306625366e-01
